0
0 0 1 262144 0 0 14 RING 0 3 64 1 100 1 7 0 1 9 0 0 3 0
7 7 0 262144 0 0 14 RING 0 3 64 700 100 1 6 0 1 8 0 0 3 0
8 0 1 262144 0 1 14 RING 0 3 64 1 100 1 7 1 7 1 17 0 0 3 0
15 7 0 262144 0 1 14 RING 0 3 64 700 100 1 6 1 6 1 16 0 0 3 0
16 0 1 262144 0 2 14 RING 0 3 64 1 100 1 7 1 15 1 25 0 0 3 0
23 7 0 262144 0 2 14 RING 0 3 64 700 100 1 6 1 14 1 24 0 0 3 0
24 0 1 262144 0 3 14 RING 0 3 64 1 100 1 7 1 23 1 33 0 0 3 0
31 7 0 262144 0 3 14 RING 0 3 64 700 100 1 6 1 22 1 32 0 0 3 0
32 0 1 262144 0 4 14 RING 0 3 64 1 100 1 7 1 31 1 41 0 0 3 0
39 7 0 262144 0 4 14 RING 0 3 64 700 100 1 6 1 30 1 40 0 0 3 0
40 0 1 262144 0 5 14 RING 0 3 64 1 100 1 7 1 39 1 49 0 0 3 0
47 7 0 262144 0 5 14 RING 0 3 64 700 100 1 6 1 38 1 48 0 0 3 0
48 0 1 262144 0 6 14 RING 0 3 64 1 100 1 7 1 47 1 57 0 0 3 0
55 7 0 262144 0 6 14 RING 0 3 64 700 100 1 6 1 46 1 56 0 0 3 0
56 0 1 262144 0 7 14 RING 0 3 64 1 100 1 7 1 55 1 65 0 0 3 0
63 7 0 262144 0 7 14 RING 0 3 64 700 100 1 6 1 54 1 64 0 0 3 0
64 0 1 262144 0 8 14 RING 0 3 64 1 100 1 7 1 63 1 73 0 0 3 0
71 7 0 262144 0 8 14 RING 0 3 64 700 100 1 6 1 62 1 72 0 0 3 0
72 0 1 262144 0 9 14 RING 0 3 64 1 100 1 7 1 71 1 81 0 0 3 0
79 7 0 262144 0 9 14 RING 0 3 64 700 100 1 6 1 70 1 80 0 0 3 0
80 0 1 262144 0 10 14 RING 0 3 64 1 100 1 7 1 79 1 89 0 0 3 0
87 7 0 262144 0 10 14 RING 0 3 64 700 100 1 6 1 78 1 88 0 0 3 0
88 0 1 262144 0 11 14 RING 0 3 64 1 100 1 7 1 87 1 97 0 0 3 0
95 7 0 262144 0 11 14 RING 0 3 64 700 100 1 6 1 86 1 96 0 0 3 0
96 0 1 262144 0 12 14 RING 0 3 64 1 100 1 7 1 95 1 105 0 0 3 0
103 7 0 262144 0 12 14 RING 0 3 64 700 100 1 6 1 94 1 104 0 0 3 0
104 0 1 262144 0 13 14 RING 0 3 64 1 100 1 7 1 103 0 0 0 3 0
111 7 0 262144 0 13 14 RING 0 3 64 700 100 1 6 1 102 0 0 0 3 0
112 0 1 262144 1 0 14 RING 0 3 64 1 100 1 7 0 1 121 0 0 3 0
119 7 0 262144 1 0 14 RING 0 3 64 700 100 1 6 0 1 120 0 0 3 0
120 0 1 262144 1 1 14 RING 0 3 64 1 100 1 7 1 119 1 129 0 0 3 0
127 7 0 262144 1 1 14 RING 0 3 64 700 100 1 6 1 118 1 128 0 0 3 0
128 0 1 262144 1 2 14 RING 0 3 64 1 100 1 7 1 127 1 137 0 0 3 0
135 7 0 262144 1 2 14 RING 0 3 64 700 100 1 6 1 126 1 136 0 0 3 0
136 0 1 262144 1 3 14 RING 0 3 64 1 100 1 7 1 135 1 145 0 0 3 0
143 7 0 262144 1 3 14 RING 0 3 64 700 100 1 6 1 134 1 144 0 0 3 0
144 0 1 262144 1 4 14 RING 0 3 64 1 100 1 7 1 143 1 153 0 0 3 0
151 7 0 262144 1 4 14 RING 0 3 64 700 100 1 6 1 142 1 152 0 0 3 0
152 0 1 262144 1 5 14 RING 0 3 64 1 100 1 7 1 151 1 161 0 0 3 0
159 7 0 262144 1 5 14 RING 0 3 64 700 100 1 6 1 150 1 160 0 0 3 0
160 0 1 262144 1 6 14 RING 0 3 64 1 100 1 7 1 159 1 169 0 0 3 0
167 7 0 262144 1 6 14 RING 0 3 64 700 100 1 6 1 158 1 168 0 0 3 0
168 0 1 262144 1 7 14 RING 0 3 64 1 100 1 7 1 167 1 177 0 0 3 0
175 7 0 262144 1 7 14 RING 0 3 64 700 100 1 6 1 166 1 176 0 0 3 0
176 0 1 262144 1 8 14 RING 0 3 64 1 100 1 7 1 175 1 185 0 0 3 0
183 7 0 262144 1 8 14 RING 0 3 64 700 100 1 6 1 174 1 184 0 0 3 0
184 0 1 262144 1 9 14 RING 0 3 64 1 100 1 7 1 183 1 193 0 0 3 0
191 7 0 262144 1 9 14 RING 0 3 64 700 100 1 6 1 182 1 192 0 0 3 0
192 0 1 262144 1 10 14 RING 0 3 64 1 100 1 7 1 191 1 201 0 0 3 0
199 7 0 262144 1 10 14 RING 0 3 64 700 100 1 6 1 190 1 200 0 0 3 0
200 0 1 262144 1 11 14 RING 0 3 64 1 100 1 7 1 199 1 209 0 0 3 0
207 7 0 262144 1 11 14 RING 0 3 64 700 100 1 6 1 198 1 208 0 0 3 0
208 0 1 262144 1 12 14 RING 0 3 64 1 100 1 7 1 207 1 217 0 0 3 0
215 7 0 262144 1 12 14 RING 0 3 64 700 100 1 6 1 206 1 216 0 0 3 0
216 0 1 262144 1 13 14 RING 0 3 64 1 100 1 7 1 215 0 0 0 3 0
223 7 0 262144 1 13 14 RING 0 3 64 700 100 1 6 1 214 0 0 0 3 0
224 0 1 262144 2 0 14 RING 0 3 64 1 100 1 7 0 1 233 0 0 3 0
231 7 0 262144 2 0 14 RING 0 3 64 700 100 1 6 0 1 232 0 0 3 0
232 0 1 262144 2 1 14 RING 0 3 64 1 100 1 7 1 231 1 241 0 0 3 0
239 7 0 262144 2 1 14 RING 0 3 64 700 100 1 6 1 230 1 240 0 0 3 0
240 0 1 262144 2 2 14 RING 0 3 64 1 100 1 7 1 239 1 249 0 0 3 0
247 7 0 262144 2 2 14 RING 0 3 64 700 100 1 6 1 238 1 248 0 0 3 0
248 0 1 262144 2 3 14 RING 0 3 64 1 100 1 7 1 247 1 257 0 0 3 0
255 7 0 262144 2 3 14 RING 0 3 64 700 100 1 6 1 246 1 256 0 0 3 0
256 0 1 262144 2 4 14 RING 0 3 64 1 100 1 7 1 255 1 265 0 0 3 0
263 7 0 262144 2 4 14 RING 0 3 64 700 100 1 6 1 254 1 264 0 0 3 0
264 0 1 262144 2 5 14 RING 0 3 64 1 100 1 7 1 263 1 273 0 0 3 0
271 7 0 262144 2 5 14 RING 0 3 64 700 100 1 6 1 262 1 272 0 0 3 0
272 0 1 262144 2 6 14 RING 0 3 64 1 100 1 7 1 271 1 281 0 0 3 0
279 7 0 262144 2 6 14 RING 0 3 64 700 100 1 6 1 270 1 280 0 0 3 0
280 0 1 262144 2 7 14 RING 0 3 64 1 100 1 7 1 279 1 289 0 0 3 0
287 7 0 262144 2 7 14 RING 0 3 64 700 100 1 6 1 278 1 288 0 0 3 0
288 0 1 262144 2 8 14 RING 0 3 64 1 100 1 7 1 287 1 297 0 0 3 0
295 7 0 262144 2 8 14 RING 0 3 64 700 100 1 6 1 286 1 296 0 0 3 0
296 0 1 262144 2 9 14 RING 0 3 64 1 100 1 7 1 295 1 305 0 0 3 0
303 7 0 262144 2 9 14 RING 0 3 64 700 100 1 6 1 294 1 304 0 0 3 0
304 0 1 262144 2 10 14 RING 0 3 64 1 100 1 7 1 303 1 313 0 0 3 0
311 7 0 262144 2 10 14 RING 0 3 64 700 100 1 6 1 302 1 312 0 0 3 0
312 0 1 262144 2 11 14 RING 0 3 64 1 100 1 7 1 311 1 321 0 0 3 0
319 7 0 262144 2 11 14 RING 0 3 64 700 100 1 6 1 310 1 320 0 0 3 0
320 0 1 262144 2 12 14 RING 0 3 64 1 100 1 7 1 319 1 329 0 0 3 0
327 7 0 262144 2 12 14 RING 0 3 64 700 100 1 6 1 318 1 328 0 0 3 0
328 0 1 262144 2 13 14 RING 0 3 64 1 100 1 7 1 327 0 0 0 3 0
335 7 0 262144 2 13 14 RING 0 3 64 700 100 1 6 1 326 0 0 0 3 0
336 0 1 262144 3 0 14 RING 0 3 64 1 100 1 7 0 1 345 0 0 3 0
343 7 0 262144 3 0 14 RING 0 3 64 700 100 1 6 0 1 344 0 0 3 0
344 0 1 262144 3 1 14 RING 0 3 64 1 100 1 7 1 343 1 353 0 0 3 0
351 7 0 262144 3 1 14 RING 0 3 64 700 100 1 6 1 342 1 352 0 0 3 0
352 0 1 262144 3 2 14 RING 0 3 64 1 100 1 7 1 351 1 361 0 0 3 0
359 7 0 262144 3 2 14 RING 0 3 64 700 100 1 6 1 350 1 360 0 0 3 0
360 0 1 262144 3 3 14 RING 0 3 64 1 100 1 7 1 359 1 369 0 0 3 0
367 7 0 262144 3 3 14 RING 0 3 64 700 100 1 6 1 358 1 368 0 0 3 0
368 0 1 262144 3 4 14 RING 0 3 64 1 100 1 7 1 367 1 377 0 0 3 0
375 7 0 262144 3 4 14 RING 0 3 64 700 100 1 6 1 366 1 376 0 0 3 0
376 0 1 262144 3 5 14 RING 0 3 64 1 100 1 7 1 375 1 385 0 0 3 0
383 7 0 262144 3 5 14 RING 0 3 64 700 100 1 6 1 374 1 384 0 0 3 0
384 0 1 262144 3 6 14 RING 0 3 64 1 100 1 7 1 383 1 393 0 0 3 0
391 7 0 262144 3 6 14 RING 0 3 64 700 100 1 6 1 382 1 392 0 0 3 0
392 0 1 262144 3 7 14 RING 0 3 64 1 100 1 7 1 391 1 401 0 0 3 0
399 7 0 262144 3 7 14 RING 0 3 64 700 100 1 6 1 390 1 400 0 0 3 0
400 0 1 262144 3 8 14 RING 0 3 64 1 100 1 7 1 399 1 409 0 0 3 0
407 7 0 262144 3 8 14 RING 0 3 64 700 100 1 6 1 398 1 408 0 0 3 0
408 0 1 262144 3 9 14 RING 0 3 64 1 100 1 7 1 407 1 417 0 0 3 0
415 7 0 262144 3 9 14 RING 0 3 64 700 100 1 6 1 406 1 416 0 0 3 0
416 0 1 262144 3 10 14 RING 0 3 64 1 100 1 7 1 415 1 425 0 0 3 0
423 7 0 262144 3 10 14 RING 0 3 64 700 100 1 6 1 414 1 424 0 0 3 0
424 0 1 262144 3 11 14 RING 0 3 64 1 100 1 7 1 423 1 433 0 0 3 0
431 7 0 262144 3 11 14 RING 0 3 64 700 100 1 6 1 422 1 432 0 0 3 0
432 0 1 262144 3 12 14 RING 0 3 64 1 100 1 7 1 431 1 441 0 0 3 0
439 7 0 262144 3 12 14 RING 0 3 64 700 100 1 6 1 430 1 440 0 0 3 0
440 0 1 262144 3 13 14 RING 0 3 64 1 100 1 7 1 439 0 0 0 3 0
447 7 0 262144 3 13 14 RING 0 3 64 700 100 1 6 1 438 0 0 0 3 0
448 0 1 262144 4 0 14 RING 0 3 64 1 100 1 7 0 1 457 0 0 3 0
455 7 0 262144 4 0 14 RING 0 3 64 700 100 1 6 0 1 456 0 0 3 0
456 0 1 262144 4 1 14 RING 0 3 64 1 100 1 7 1 455 1 465 0 0 3 0
463 7 0 262144 4 1 14 RING 0 3 64 700 100 1 6 1 454 1 464 0 0 3 0
464 0 1 262144 4 2 14 RING 0 3 64 1 100 1 7 1 463 1 473 0 0 3 0
471 7 0 262144 4 2 14 RING 0 3 64 700 100 1 6 1 462 1 472 0 0 3 0
472 0 1 262144 4 3 14 RING 0 3 64 1 100 1 7 1 471 1 481 0 0 3 0
479 7 0 262144 4 3 14 RING 0 3 64 700 100 1 6 1 470 1 480 0 0 3 0
480 0 1 262144 4 4 14 RING 0 3 64 1 100 1 7 1 479 1 489 0 0 3 0
487 7 0 262144 4 4 14 RING 0 3 64 700 100 1 6 1 478 1 488 0 0 3 0
488 0 1 262144 4 5 14 RING 0 3 64 1 100 1 7 1 487 1 497 0 0 3 0
495 7 0 262144 4 5 14 RING 0 3 64 700 100 1 6 1 486 1 496 0 0 3 0
496 0 1 262144 4 6 14 RING 0 3 64 1 100 1 7 1 495 1 505 0 0 3 0
503 7 0 262144 4 6 14 RING 0 3 64 700 100 1 6 1 494 1 504 0 0 3 0
504 0 1 262144 4 7 14 RING 0 3 64 1 100 1 7 1 503 1 513 0 0 3 0
511 7 0 262144 4 7 14 RING 0 3 64 700 100 1 6 1 502 1 512 0 0 3 0
512 0 1 262144 4 8 14 RING 0 3 64 1 100 1 7 1 511 1 521 0 0 3 0
519 7 0 262144 4 8 14 RING 0 3 64 700 100 1 6 1 510 1 520 0 0 3 0
520 0 1 262144 4 9 14 RING 0 3 64 1 100 1 7 1 519 1 529 0 0 3 0
527 7 0 262144 4 9 14 RING 0 3 64 700 100 1 6 1 518 1 528 0 0 3 0
528 0 1 262144 4 10 14 RING 0 3 64 1 100 1 7 1 527 1 537 0 0 3 0
535 7 0 262144 4 10 14 RING 0 3 64 700 100 1 6 1 526 1 536 0 0 3 0
536 0 1 262144 4 11 14 RING 0 3 64 1 100 1 7 1 535 1 545 0 0 3 0
543 7 0 262144 4 11 14 RING 0 3 64 700 100 1 6 1 534 1 544 0 0 3 0
544 0 1 262144 4 12 14 RING 0 3 64 1 100 1 7 1 543 1 553 0 0 3 0
551 7 0 262144 4 12 14 RING 0 3 64 700 100 1 6 1 542 1 552 0 0 3 0
552 0 1 262144 4 13 14 RING 0 3 64 1 100 1 7 1 551 0 0 0 3 0
559 7 0 262144 4 13 14 RING 0 3 64 700 100 1 6 1 550 0 0 0 3 0
560 0 1 262144 5 0 14 RING 0 3 64 1 100 1 7 0 1 569 0 0 3 0
567 7 0 262144 5 0 14 RING 0 3 64 700 100 1 6 0 1 568 0 0 3 0
568 0 1 262144 5 1 14 RING 0 3 64 1 100 1 7 1 567 1 577 0 0 3 0
575 7 0 262144 5 1 14 RING 0 3 64 700 100 1 6 1 566 1 576 0 0 3 0
576 0 1 262144 5 2 14 RING 0 3 64 1 100 1 7 1 575 1 585 0 0 3 0
583 7 0 262144 5 2 14 RING 0 3 64 700 100 1 6 1 574 1 584 0 0 3 0
584 0 1 262144 5 3 14 RING 0 3 64 1 100 1 7 1 583 1 593 0 0 3 0
591 7 0 262144 5 3 14 RING 0 3 64 700 100 1 6 1 582 1 592 0 0 3 0
592 0 1 262144 5 4 14 RING 0 3 64 1 100 1 7 1 591 1 601 0 0 3 0
599 7 0 262144 5 4 14 RING 0 3 64 700 100 1 6 1 590 1 600 0 0 3 0
600 0 1 262144 5 5 14 RING 0 3 64 1 100 1 7 1 599 1 609 0 0 3 0
607 7 0 262144 5 5 14 RING 0 3 64 700 100 1 6 1 598 1 608 0 0 3 0
608 0 1 262144 5 6 14 RING 0 3 64 1 100 1 7 1 607 1 617 0 0 3 0
615 7 0 262144 5 6 14 RING 0 3 64 700 100 1 6 1 606 1 616 0 0 3 0
616 0 1 262144 5 7 14 RING 0 3 64 1 100 1 7 1 615 1 625 0 0 3 0
623 7 0 262144 5 7 14 RING 0 3 64 700 100 1 6 1 614 1 624 0 0 3 0
624 0 1 262144 5 8 14 RING 0 3 64 1 100 1 7 1 623 1 633 0 0 3 0
631 7 0 262144 5 8 14 RING 0 3 64 700 100 1 6 1 622 1 632 0 0 3 0
632 0 1 262144 5 9 14 RING 0 3 64 1 100 1 7 1 631 1 641 0 0 3 0
639 7 0 262144 5 9 14 RING 0 3 64 700 100 1 6 1 630 1 640 0 0 3 0
640 0 1 262144 5 10 14 RING 0 3 64 1 100 1 7 1 639 1 649 0 0 3 0
647 7 0 262144 5 10 14 RING 0 3 64 700 100 1 6 1 638 1 648 0 0 3 0
648 0 1 262144 5 11 14 RING 0 3 64 1 100 1 7 1 647 1 657 0 0 3 0
655 7 0 262144 5 11 14 RING 0 3 64 700 100 1 6 1 646 1 656 0 0 3 0
656 0 1 262144 5 12 14 RING 0 3 64 1 100 1 7 1 655 1 665 0 0 3 0
663 7 0 262144 5 12 14 RING 0 3 64 700 100 1 6 1 654 1 664 0 0 3 0
664 0 1 262144 5 13 14 RING 0 3 64 1 100 1 7 1 663 0 0 0 3 0
671 7 0 262144 5 13 14 RING 0 3 64 700 100 1 6 1 662 0 0 0 3 0
672 0 1 262144 6 0 14 RING 0 3 64 1 100 1 7 0 1 681 0 0 3 0
679 7 0 262144 6 0 14 RING 0 3 64 700 100 1 6 0 1 680 0 0 3 0
680 0 1 262144 6 1 14 RING 0 3 64 1 100 1 7 1 679 1 689 0 0 3 0
687 7 0 262144 6 1 14 RING 0 3 64 700 100 1 6 1 678 1 688 0 0 3 0
688 0 1 262144 6 2 14 RING 0 3 64 1 100 1 7 1 687 1 697 0 0 3 0
695 7 0 262144 6 2 14 RING 0 3 64 700 100 1 6 1 686 1 696 0 0 3 0
696 0 1 262144 6 3 14 RING 0 3 64 1 100 1 7 1 695 1 705 0 0 3 0
703 7 0 262144 6 3 14 RING 0 3 64 700 100 1 6 1 694 1 704 0 0 3 0
704 0 1 262144 6 4 14 RING 0 3 64 1 100 1 7 1 703 1 713 0 0 3 0
711 7 0 262144 6 4 14 RING 0 3 64 700 100 1 6 1 702 1 712 0 0 3 0
712 0 1 262144 6 5 14 RING 0 3 64 1 100 1 7 1 711 1 721 0 0 3 0
719 7 0 262144 6 5 14 RING 0 3 64 700 100 1 6 1 710 1 720 0 0 3 0
720 0 1 262144 6 6 14 RING 0 3 64 1 100 1 7 1 719 1 729 0 0 3 0
727 7 0 262144 6 6 14 RING 0 3 64 700 100 1 6 1 718 1 728 0 0 3 0
728 0 1 262144 6 7 14 RING 0 3 64 1 100 1 7 1 727 1 737 0 0 3 0
735 7 0 262144 6 7 14 RING 0 3 64 700 100 1 6 1 726 1 736 0 0 3 0
736 0 1 262144 6 8 14 RING 0 3 64 1 100 1 7 1 735 1 745 0 0 3 0
743 7 0 262144 6 8 14 RING 0 3 64 700 100 1 6 1 734 1 744 0 0 3 0
744 0 1 262144 6 9 14 RING 0 3 64 1 100 1 7 1 743 1 753 0 0 3 0
751 7 0 262144 6 9 14 RING 0 3 64 700 100 1 6 1 742 1 752 0 0 3 0
752 0 1 262144 6 10 14 RING 0 3 64 1 100 1 7 1 751 1 761 0 0 3 0
759 7 0 262144 6 10 14 RING 0 3 64 700 100 1 6 1 750 1 760 0 0 3 0
760 0 1 262144 6 11 14 RING 0 3 64 1 100 1 7 1 759 1 769 0 0 3 0
767 7 0 262144 6 11 14 RING 0 3 64 700 100 1 6 1 758 1 768 0 0 3 0
768 0 1 262144 6 12 14 RING 0 3 64 1 100 1 7 1 767 1 777 0 0 3 0
775 7 0 262144 6 12 14 RING 0 3 64 700 100 1 6 1 766 1 776 0 0 3 0
776 0 1 262144 6 13 14 RING 0 3 64 1 100 1 7 1 775 0 0 0 3 0
783 7 0 262144 6 13 14 RING 0 3 64 700 100 1 6 1 774 0 0 0 3 0
784 0 1 262144 7 0 14 RING 0 3 64 1 100 1 7 0 1 793 0 0 3 0
791 7 0 262144 7 0 14 RING 0 3 64 700 100 1 6 0 1 792 0 0 3 0
792 0 1 262144 7 1 14 RING 0 3 64 1 100 1 7 1 791 1 801 0 0 3 0
799 7 0 262144 7 1 14 RING 0 3 64 700 100 1 6 1 790 1 800 0 0 3 0
800 0 1 262144 7 2 14 RING 0 3 64 1 100 1 7 1 799 1 809 0 0 3 0
807 7 0 262144 7 2 14 RING 0 3 64 700 100 1 6 1 798 1 808 0 0 3 0
808 0 1 262144 7 3 14 RING 0 3 64 1 100 1 7 1 807 1 817 0 0 3 0
815 7 0 262144 7 3 14 RING 0 3 64 700 100 1 6 1 806 1 816 0 0 3 0
816 0 1 262144 7 4 14 RING 0 3 64 1 100 1 7 1 815 1 825 0 0 3 0
823 7 0 262144 7 4 14 RING 0 3 64 700 100 1 6 1 814 1 824 0 0 3 0
824 0 1 262144 7 5 14 RING 0 3 64 1 100 1 7 1 823 1 833 0 0 3 0
831 7 0 262144 7 5 14 RING 0 3 64 700 100 1 6 1 822 1 832 0 0 3 0
832 0 1 262144 7 6 14 RING 0 3 64 1 100 1 7 1 831 1 841 0 0 3 0
839 7 0 262144 7 6 14 RING 0 3 64 700 100 1 6 1 830 1 840 0 0 3 0
840 0 1 262144 7 7 14 RING 0 3 64 1 100 1 7 1 839 1 849 0 0 3 0
847 7 0 262144 7 7 14 RING 0 3 64 700 100 1 6 1 838 1 848 0 0 3 0
848 0 1 262144 7 8 14 RING 0 3 64 1 100 1 7 1 847 1 857 0 0 3 0
855 7 0 262144 7 8 14 RING 0 3 64 700 100 1 6 1 846 1 856 0 0 3 0
856 0 1 262144 7 9 14 RING 0 3 64 1 100 1 7 1 855 1 865 0 0 3 0
863 7 0 262144 7 9 14 RING 0 3 64 700 100 1 6 1 854 1 864 0 0 3 0
864 0 1 262144 7 10 14 RING 0 3 64 1 100 1 7 1 863 1 873 0 0 3 0
871 7 0 262144 7 10 14 RING 0 3 64 700 100 1 6 1 862 1 872 0 0 3 0
872 0 1 262144 7 11 14 RING 0 3 64 1 100 1 7 1 871 1 881 0 0 3 0
879 7 0 262144 7 11 14 RING 0 3 64 700 100 1 6 1 870 1 880 0 0 3 0
880 0 1 262144 7 12 14 RING 0 3 64 1 100 1 7 1 879 1 889 0 0 3 0
887 7 0 262144 7 12 14 RING 0 3 64 700 100 1 6 1 878 1 888 0 0 3 0
888 0 1 262144 7 13 14 RING 0 3 64 1 100 1 7 1 887 0 0 0 3 0
895 7 0 262144 7 13 14 RING 0 3 64 700 100 1 6 1 886 0 0 0 3 0
1 1 2 262144 0 0 14 RING 0 3 64 102 100 1 0 0 1 10 0 0 3 0
9 1 2 262144 0 1 14 RING 0 3 64 102 100 1 0 1 0 1 18 0 0 3 0
17 1 2 262144 0 2 14 RING 0 3 64 102 100 1 0 1 8 1 26 0 0 3 0
25 1 2 262144 0 3 14 RING 0 3 64 102 100 1 0 1 16 1 34 0 0 3 0
33 1 2 262144 0 4 14 RING 0 3 64 102 100 1 0 1 24 1 42 0 0 3 0
41 1 2 262144 0 5 14 RING 0 3 64 102 100 1 0 1 32 1 50 0 0 3 0
49 1 2 262144 0 6 14 RING 0 3 64 102 100 1 0 1 40 1 58 0 0 3 0
57 1 2 262144 0 7 14 RING 0 3 64 102 100 1 0 1 48 1 66 0 0 3 0
65 1 2 262144 0 8 14 RING 0 3 64 102 100 1 0 1 56 1 74 0 0 3 0
73 1 2 262144 0 9 14 RING 0 3 64 102 100 1 0 1 64 1 82 0 0 3 0
81 1 2 262144 0 10 14 RING 0 3 64 102 100 1 0 1 72 1 90 0 0 3 0
89 1 2 262144 0 11 14 RING 0 3 64 102 100 1 0 1 80 1 98 0 0 3 0
97 1 2 262144 0 12 14 RING 0 3 64 102 100 1 0 1 88 1 106 0 0 3 0
105 1 2 262144 0 13 14 RING 0 3 64 102 100 1 0 1 96 0 0 0 3 0
113 1 2 262144 1 0 14 RING 0 3 64 102 100 1 0 0 1 122 0 0 3 0
121 1 2 262144 1 1 14 RING 0 3 64 102 100 1 0 1 112 1 130 0 0 3 0
129 1 2 262144 1 2 14 RING 0 3 64 102 100 1 0 1 120 1 138 0 0 3 0
137 1 2 262144 1 3 14 RING 0 3 64 102 100 1 0 1 128 1 146 0 0 3 0
145 1 2 262144 1 4 14 RING 0 3 64 102 100 1 0 1 136 1 154 0 0 3 0
153 1 2 262144 1 5 14 RING 0 3 64 102 100 1 0 1 144 1 162 0 0 3 0
161 1 2 262144 1 6 14 RING 0 3 64 102 100 1 0 1 152 1 170 0 0 3 0
169 1 2 262144 1 7 14 RING 0 3 64 102 100 1 0 1 160 1 178 0 0 3 0
177 1 2 262144 1 8 14 RING 0 3 64 102 100 1 0 1 168 1 186 0 0 3 0
185 1 2 262144 1 9 14 RING 0 3 64 102 100 1 0 1 176 1 194 0 0 3 0
193 1 2 262144 1 10 14 RING 0 3 64 102 100 1 0 1 184 1 202 0 0 3 0
201 1 2 262144 1 11 14 RING 0 3 64 102 100 1 0 1 192 1 210 0 0 3 0
209 1 2 262144 1 12 14 RING 0 3 64 102 100 1 0 1 200 1 218 0 0 3 0
217 1 2 262144 1 13 14 RING 0 3 64 102 100 1 0 1 208 0 0 0 3 0
225 1 2 262144 2 0 14 RING 0 3 64 102 100 1 0 0 1 234 0 0 3 0
233 1 2 262144 2 1 14 RING 0 3 64 102 100 1 0 1 224 1 242 0 0 3 0
241 1 2 262144 2 2 14 RING 0 3 64 102 100 1 0 1 232 1 250 0 0 3 0
249 1 2 262144 2 3 14 RING 0 3 64 102 100 1 0 1 240 1 258 0 0 3 0
257 1 2 262144 2 4 14 RING 0 3 64 102 100 1 0 1 248 1 266 0 0 3 0
265 1 2 262144 2 5 14 RING 0 3 64 102 100 1 0 1 256 1 274 0 0 3 0
273 1 2 262144 2 6 14 RING 0 3 64 102 100 1 0 1 264 1 282 0 0 3 0
281 1 2 262144 2 7 14 RING 0 3 64 102 100 1 0 1 272 1 290 0 0 3 0
289 1 2 262144 2 8 14 RING 0 3 64 102 100 1 0 1 280 1 298 0 0 3 0
297 1 2 262144 2 9 14 RING 0 3 64 102 100 1 0 1 288 1 306 0 0 3 0
305 1 2 262144 2 10 14 RING 0 3 64 102 100 1 0 1 296 1 314 0 0 3 0
313 1 2 262144 2 11 14 RING 0 3 64 102 100 1 0 1 304 1 322 0 0 3 0
321 1 2 262144 2 12 14 RING 0 3 64 102 100 1 0 1 312 1 330 0 0 3 0
329 1 2 262144 2 13 14 RING 0 3 64 102 100 1 0 1 320 0 0 0 3 0
337 1 2 262144 3 0 14 RING 0 3 64 102 100 1 0 0 1 346 0 0 3 0
345 1 2 262144 3 1 14 RING 0 3 64 102 100 1 0 1 336 1 354 0 0 3 0
353 1 2 262144 3 2 14 RING 0 3 64 102 100 1 0 1 344 1 362 0 0 3 0
361 1 2 262144 3 3 14 RING 0 3 64 102 100 1 0 1 352 1 370 0 0 3 0
369 1 2 262144 3 4 14 RING 0 3 64 102 100 1 0 1 360 1 378 0 0 3 0
377 1 2 262144 3 5 14 RING 0 3 64 102 100 1 0 1 368 1 386 0 0 3 0
385 1 2 262144 3 6 14 RING 0 3 64 102 100 1 0 1 376 1 394 0 0 3 0
393 1 2 262144 3 7 14 RING 0 3 64 102 100 1 0 1 384 1 402 0 0 3 0
401 1 2 262144 3 8 14 RING 0 3 64 102 100 1 0 1 392 1 410 0 0 3 0
409 1 2 262144 3 9 14 RING 0 3 64 102 100 1 0 1 400 1 418 0 0 3 0
417 1 2 262144 3 10 14 RING 0 3 64 102 100 1 0 1 408 1 426 0 0 3 0
425 1 2 262144 3 11 14 RING 0 3 64 102 100 1 0 1 416 1 434 0 0 3 0
433 1 2 262144 3 12 14 RING 0 3 64 102 100 1 0 1 424 1 442 0 0 3 0
441 1 2 262144 3 13 14 RING 0 3 64 102 100 1 0 1 432 0 0 0 3 0
449 1 2 262144 4 0 14 RING 0 3 64 102 100 1 0 0 1 458 0 0 3 0
457 1 2 262144 4 1 14 RING 0 3 64 102 100 1 0 1 448 1 466 0 0 3 0
465 1 2 262144 4 2 14 RING 0 3 64 102 100 1 0 1 456 1 474 0 0 3 0
473 1 2 262144 4 3 14 RING 0 3 64 102 100 1 0 1 464 1 482 0 0 3 0
481 1 2 262144 4 4 14 RING 0 3 64 102 100 1 0 1 472 1 490 0 0 3 0
489 1 2 262144 4 5 14 RING 0 3 64 102 100 1 0 1 480 1 498 0 0 3 0
497 1 2 262144 4 6 14 RING 0 3 64 102 100 1 0 1 488 1 506 0 0 3 0
505 1 2 262144 4 7 14 RING 0 3 64 102 100 1 0 1 496 1 514 0 0 3 0
513 1 2 262144 4 8 14 RING 0 3 64 102 100 1 0 1 504 1 522 0 0 3 0
521 1 2 262144 4 9 14 RING 0 3 64 102 100 1 0 1 512 1 530 0 0 3 0
529 1 2 262144 4 10 14 RING 0 3 64 102 100 1 0 1 520 1 538 0 0 3 0
537 1 2 262144 4 11 14 RING 0 3 64 102 100 1 0 1 528 1 546 0 0 3 0
545 1 2 262144 4 12 14 RING 0 3 64 102 100 1 0 1 536 1 554 0 0 3 0
553 1 2 262144 4 13 14 RING 0 3 64 102 100 1 0 1 544 0 0 0 3 0
561 1 2 262144 5 0 14 RING 0 3 64 102 100 1 0 0 1 570 0 0 3 0
569 1 2 262144 5 1 14 RING 0 3 64 102 100 1 0 1 560 1 578 0 0 3 0
577 1 2 262144 5 2 14 RING 0 3 64 102 100 1 0 1 568 1 586 0 0 3 0
585 1 2 262144 5 3 14 RING 0 3 64 102 100 1 0 1 576 1 594 0 0 3 0
593 1 2 262144 5 4 14 RING 0 3 64 102 100 1 0 1 584 1 602 0 0 3 0
601 1 2 262144 5 5 14 RING 0 3 64 102 100 1 0 1 592 1 610 0 0 3 0
609 1 2 262144 5 6 14 RING 0 3 64 102 100 1 0 1 600 1 618 0 0 3 0
617 1 2 262144 5 7 14 RING 0 3 64 102 100 1 0 1 608 1 626 0 0 3 0
625 1 2 262144 5 8 14 RING 0 3 64 102 100 1 0 1 616 1 634 0 0 3 0
633 1 2 262144 5 9 14 RING 0 3 64 102 100 1 0 1 624 1 642 0 0 3 0
641 1 2 262144 5 10 14 RING 0 3 64 102 100 1 0 1 632 1 650 0 0 3 0
649 1 2 262144 5 11 14 RING 0 3 64 102 100 1 0 1 640 1 658 0 0 3 0
657 1 2 262144 5 12 14 RING 0 3 64 102 100 1 0 1 648 1 666 0 0 3 0
665 1 2 262144 5 13 14 RING 0 3 64 102 100 1 0 1 656 0 0 0 3 0
673 1 2 262144 6 0 14 RING 0 3 64 102 100 1 0 0 1 682 0 0 3 0
681 1 2 262144 6 1 14 RING 0 3 64 102 100 1 0 1 672 1 690 0 0 3 0
689 1 2 262144 6 2 14 RING 0 3 64 102 100 1 0 1 680 1 698 0 0 3 0
697 1 2 262144 6 3 14 RING 0 3 64 102 100 1 0 1 688 1 706 0 0 3 0
705 1 2 262144 6 4 14 RING 0 3 64 102 100 1 0 1 696 1 714 0 0 3 0
713 1 2 262144 6 5 14 RING 0 3 64 102 100 1 0 1 704 1 722 0 0 3 0
721 1 2 262144 6 6 14 RING 0 3 64 102 100 1 0 1 712 1 730 0 0 3 0
729 1 2 262144 6 7 14 RING 0 3 64 102 100 1 0 1 720 1 738 0 0 3 0
737 1 2 262144 6 8 14 RING 0 3 64 102 100 1 0 1 728 1 746 0 0 3 0
745 1 2 262144 6 9 14 RING 0 3 64 102 100 1 0 1 736 1 754 0 0 3 0
753 1 2 262144 6 10 14 RING 0 3 64 102 100 1 0 1 744 1 762 0 0 3 0
761 1 2 262144 6 11 14 RING 0 3 64 102 100 1 0 1 752 1 770 0 0 3 0
769 1 2 262144 6 12 14 RING 0 3 64 102 100 1 0 1 760 1 778 0 0 3 0
777 1 2 262144 6 13 14 RING 0 3 64 102 100 1 0 1 768 0 0 0 3 0
785 1 2 262144 7 0 14 RING 0 3 64 102 100 1 0 0 1 794 0 0 3 0
793 1 2 262144 7 1 14 RING 0 3 64 102 100 1 0 1 784 1 802 0 0 3 0
801 1 2 262144 7 2 14 RING 0 3 64 102 100 1 0 1 792 1 810 0 0 3 0
809 1 2 262144 7 3 14 RING 0 3 64 102 100 1 0 1 800 1 818 0 0 3 0
817 1 2 262144 7 4 14 RING 0 3 64 102 100 1 0 1 808 1 826 0 0 3 0
825 1 2 262144 7 5 14 RING 0 3 64 102 100 1 0 1 816 1 834 0 0 3 0
833 1 2 262144 7 6 14 RING 0 3 64 102 100 1 0 1 824 1 842 0 0 3 0
841 1 2 262144 7 7 14 RING 0 3 64 102 100 1 0 1 832 1 850 0 0 3 0
849 1 2 262144 7 8 14 RING 0 3 64 102 100 1 0 1 840 1 858 0 0 3 0
857 1 2 262144 7 9 14 RING 0 3 64 102 100 1 0 1 848 1 866 0 0 3 0
865 1 2 262144 7 10 14 RING 0 3 64 102 100 1 0 1 856 1 874 0 0 3 0
873 1 2 262144 7 11 14 RING 0 3 64 102 100 1 0 1 864 1 882 0 0 3 0
881 1 2 262144 7 12 14 RING 0 3 64 102 100 1 0 1 872 1 890 0 0 3 0
889 1 2 262144 7 13 14 RING 0 3 64 102 100 1 0 1 880 0 0 0 3 0
2 2 3 262144 0 0 14 RING 0 3 64 203 100 1 1 0 1 11 0 0 3 0
10 2 3 262144 0 1 14 RING 0 3 64 203 100 1 1 1 1 1 19 0 0 3 0
18 2 3 262144 0 2 14 RING 0 3 64 203 100 1 1 1 9 1 27 0 0 3 0
26 2 3 262144 0 3 14 RING 0 3 64 203 100 1 1 1 17 1 35 0 0 3 0
34 2 3 262144 0 4 14 RING 0 3 64 203 100 1 1 1 25 1 43 0 0 3 0
42 2 3 262144 0 5 14 RING 0 3 64 203 100 1 1 1 33 1 51 0 0 3 0
50 2 3 262144 0 6 14 RING 0 3 64 203 100 1 1 1 41 1 59 0 0 3 0
58 2 3 262144 0 7 14 RING 0 3 64 203 100 1 1 1 49 1 67 0 0 3 0
66 2 3 262144 0 8 14 RING 0 3 64 203 100 1 1 1 57 1 75 0 0 3 0
74 2 3 262144 0 9 14 RING 0 3 64 203 100 1 1 1 65 1 83 0 0 3 0
82 2 3 262144 0 10 14 RING 0 3 64 203 100 1 1 1 73 1 91 0 0 3 0
90 2 3 262144 0 11 14 RING 0 3 64 203 100 1 1 1 81 1 99 0 0 3 0
98 2 3 262144 0 12 14 RING 0 3 64 203 100 1 1 1 89 1 107 0 0 3 0
106 2 3 262144 0 13 14 RING 0 3 64 203 100 1 1 1 97 0 0 0 3 0
114 2 3 262144 1 0 14 RING 0 3 64 203 100 1 1 0 1 123 0 0 3 0
122 2 3 262144 1 1 14 RING 0 3 64 203 100 1 1 1 113 1 131 0 0 3 0
130 2 3 262144 1 2 14 RING 0 3 64 203 100 1 1 1 121 1 139 0 0 3 0
138 2 3 262144 1 3 14 RING 0 3 64 203 100 1 1 1 129 1 147 0 0 3 0
146 2 3 262144 1 4 14 RING 0 3 64 203 100 1 1 1 137 1 155 0 0 3 0
154 2 3 262144 1 5 14 RING 0 3 64 203 100 1 1 1 145 1 163 0 0 3 0
162 2 3 262144 1 6 14 RING 0 3 64 203 100 1 1 1 153 1 171 0 0 3 0
170 2 3 262144 1 7 14 RING 0 3 64 203 100 1 1 1 161 1 179 0 0 3 0
178 2 3 262144 1 8 14 RING 0 3 64 203 100 1 1 1 169 1 187 0 0 3 0
186 2 3 262144 1 9 14 RING 0 3 64 203 100 1 1 1 177 1 195 0 0 3 0
194 2 3 262144 1 10 14 RING 0 3 64 203 100 1 1 1 185 1 203 0 0 3 0
202 2 3 262144 1 11 14 RING 0 3 64 203 100 1 1 1 193 1 211 0 0 3 0
210 2 3 262144 1 12 14 RING 0 3 64 203 100 1 1 1 201 1 219 0 0 3 0
218 2 3 262144 1 13 14 RING 0 3 64 203 100 1 1 1 209 0 0 0 3 0
226 2 3 262144 2 0 14 RING 0 3 64 203 100 1 1 0 1 235 0 0 3 0
234 2 3 262144 2 1 14 RING 0 3 64 203 100 1 1 1 225 1 243 0 0 3 0
242 2 3 262144 2 2 14 RING 0 3 64 203 100 1 1 1 233 1 251 0 0 3 0
250 2 3 262144 2 3 14 RING 0 3 64 203 100 1 1 1 241 1 259 0 0 3 0
258 2 3 262144 2 4 14 RING 0 3 64 203 100 1 1 1 249 1 267 0 0 3 0
266 2 3 262144 2 5 14 RING 0 3 64 203 100 1 1 1 257 1 275 0 0 3 0
274 2 3 262144 2 6 14 RING 0 3 64 203 100 1 1 1 265 1 283 0 0 3 0
282 2 3 262144 2 7 14 RING 0 3 64 203 100 1 1 1 273 1 291 0 0 3 0
290 2 3 262144 2 8 14 RING 0 3 64 203 100 1 1 1 281 1 299 0 0 3 0
298 2 3 262144 2 9 14 RING 0 3 64 203 100 1 1 1 289 1 307 0 0 3 0
306 2 3 262144 2 10 14 RING 0 3 64 203 100 1 1 1 297 1 315 0 0 3 0
314 2 3 262144 2 11 14 RING 0 3 64 203 100 1 1 1 305 1 323 0 0 3 0
322 2 3 262144 2 12 14 RING 0 3 64 203 100 1 1 1 313 1 331 0 0 3 0
330 2 3 262144 2 13 14 RING 0 3 64 203 100 1 1 1 321 0 0 0 3 0
338 2 3 262144 3 0 14 RING 0 3 64 203 100 1 1 0 1 347 0 0 3 0
346 2 3 262144 3 1 14 RING 0 3 64 203 100 1 1 1 337 1 355 0 0 3 0
354 2 3 262144 3 2 14 RING 0 3 64 203 100 1 1 1 345 1 363 0 0 3 0
362 2 3 262144 3 3 14 RING 0 3 64 203 100 1 1 1 353 1 371 0 0 3 0
370 2 3 262144 3 4 14 RING 0 3 64 203 100 1 1 1 361 1 379 0 0 3 0
378 2 3 262144 3 5 14 RING 0 3 64 203 100 1 1 1 369 1 387 0 0 3 0
386 2 3 262144 3 6 14 RING 0 3 64 203 100 1 1 1 377 1 395 0 0 3 0
394 2 3 262144 3 7 14 RING 0 3 64 203 100 1 1 1 385 1 403 0 0 3 0
402 2 3 262144 3 8 14 RING 0 3 64 203 100 1 1 1 393 1 411 0 0 3 0
410 2 3 262144 3 9 14 RING 0 3 64 203 100 1 1 1 401 1 419 0 0 3 0
418 2 3 262144 3 10 14 RING 0 3 64 203 100 1 1 1 409 1 427 0 0 3 0
426 2 3 262144 3 11 14 RING 0 3 64 203 100 1 1 1 417 1 435 0 0 3 0
434 2 3 262144 3 12 14 RING 0 3 64 203 100 1 1 1 425 1 443 0 0 3 0
442 2 3 262144 3 13 14 RING 0 3 64 203 100 1 1 1 433 0 0 0 3 0
450 2 3 262144 4 0 14 RING 0 3 64 203 100 1 1 0 1 459 0 0 3 0
458 2 3 262144 4 1 14 RING 0 3 64 203 100 1 1 1 449 1 467 0 0 3 0
466 2 3 262144 4 2 14 RING 0 3 64 203 100 1 1 1 457 1 475 0 0 3 0
474 2 3 262144 4 3 14 RING 0 3 64 203 100 1 1 1 465 1 483 0 0 3 0
482 2 3 262144 4 4 14 RING 0 3 64 203 100 1 1 1 473 1 491 0 0 3 0
490 2 3 262144 4 5 14 RING 0 3 64 203 100 1 1 1 481 1 499 0 0 3 0
498 2 3 262144 4 6 14 RING 0 3 64 203 100 1 1 1 489 1 507 0 0 3 0
506 2 3 262144 4 7 14 RING 0 3 64 203 100 1 1 1 497 1 515 0 0 3 0
514 2 3 262144 4 8 14 RING 0 3 64 203 100 1 1 1 505 1 523 0 0 3 0
522 2 3 262144 4 9 14 RING 0 3 64 203 100 1 1 1 513 1 531 0 0 3 0
530 2 3 262144 4 10 14 RING 0 3 64 203 100 1 1 1 521 1 539 0 0 3 0
538 2 3 262144 4 11 14 RING 0 3 64 203 100 1 1 1 529 1 547 0 0 3 0
546 2 3 262144 4 12 14 RING 0 3 64 203 100 1 1 1 537 1 555 0 0 3 0
554 2 3 262144 4 13 14 RING 0 3 64 203 100 1 1 1 545 0 0 0 3 0
562 2 3 262144 5 0 14 RING 0 3 64 203 100 1 1 0 1 571 0 0 3 0
570 2 3 262144 5 1 14 RING 0 3 64 203 100 1 1 1 561 1 579 0 0 3 0
578 2 3 262144 5 2 14 RING 0 3 64 203 100 1 1 1 569 1 587 0 0 3 0
586 2 3 262144 5 3 14 RING 0 3 64 203 100 1 1 1 577 1 595 0 0 3 0
594 2 3 262144 5 4 14 RING 0 3 64 203 100 1 1 1 585 1 603 0 0 3 0
602 2 3 262144 5 5 14 RING 0 3 64 203 100 1 1 1 593 1 611 0 0 3 0
610 2 3 262144 5 6 14 RING 0 3 64 203 100 1 1 1 601 1 619 0 0 3 0
618 2 3 262144 5 7 14 RING 0 3 64 203 100 1 1 1 609 1 627 0 0 3 0
626 2 3 262144 5 8 14 RING 0 3 64 203 100 1 1 1 617 1 635 0 0 3 0
634 2 3 262144 5 9 14 RING 0 3 64 203 100 1 1 1 625 1 643 0 0 3 0
642 2 3 262144 5 10 14 RING 0 3 64 203 100 1 1 1 633 1 651 0 0 3 0
650 2 3 262144 5 11 14 RING 0 3 64 203 100 1 1 1 641 1 659 0 0 3 0
658 2 3 262144 5 12 14 RING 0 3 64 203 100 1 1 1 649 1 667 0 0 3 0
666 2 3 262144 5 13 14 RING 0 3 64 203 100 1 1 1 657 0 0 0 3 0
674 2 3 262144 6 0 14 RING 0 3 64 203 100 1 1 0 1 683 0 0 3 0
682 2 3 262144 6 1 14 RING 0 3 64 203 100 1 1 1 673 1 691 0 0 3 0
690 2 3 262144 6 2 14 RING 0 3 64 203 100 1 1 1 681 1 699 0 0 3 0
698 2 3 262144 6 3 14 RING 0 3 64 203 100 1 1 1 689 1 707 0 0 3 0
706 2 3 262144 6 4 14 RING 0 3 64 203 100 1 1 1 697 1 715 0 0 3 0
714 2 3 262144 6 5 14 RING 0 3 64 203 100 1 1 1 705 1 723 0 0 3 0
722 2 3 262144 6 6 14 RING 0 3 64 203 100 1 1 1 713 1 731 0 0 3 0
730 2 3 262144 6 7 14 RING 0 3 64 203 100 1 1 1 721 1 739 0 0 3 0
738 2 3 262144 6 8 14 RING 0 3 64 203 100 1 1 1 729 1 747 0 0 3 0
746 2 3 262144 6 9 14 RING 0 3 64 203 100 1 1 1 737 1 755 0 0 3 0
754 2 3 262144 6 10 14 RING 0 3 64 203 100 1 1 1 745 1 763 0 0 3 0
762 2 3 262144 6 11 14 RING 0 3 64 203 100 1 1 1 753 1 771 0 0 3 0
770 2 3 262144 6 12 14 RING 0 3 64 203 100 1 1 1 761 1 779 0 0 3 0
778 2 3 262144 6 13 14 RING 0 3 64 203 100 1 1 1 769 0 0 0 3 0
786 2 3 262144 7 0 14 RING 0 3 64 203 100 1 1 0 1 795 0 0 3 0
794 2 3 262144 7 1 14 RING 0 3 64 203 100 1 1 1 785 1 803 0 0 3 0
802 2 3 262144 7 2 14 RING 0 3 64 203 100 1 1 1 793 1 811 0 0 3 0
810 2 3 262144 7 3 14 RING 0 3 64 203 100 1 1 1 801 1 819 0 0 3 0
818 2 3 262144 7 4 14 RING 0 3 64 203 100 1 1 1 809 1 827 0 0 3 0
826 2 3 262144 7 5 14 RING 0 3 64 203 100 1 1 1 817 1 835 0 0 3 0
834 2 3 262144 7 6 14 RING 0 3 64 203 100 1 1 1 825 1 843 0 0 3 0
842 2 3 262144 7 7 14 RING 0 3 64 203 100 1 1 1 833 1 851 0 0 3 0
850 2 3 262144 7 8 14 RING 0 3 64 203 100 1 1 1 841 1 859 0 0 3 0
858 2 3 262144 7 9 14 RING 0 3 64 203 100 1 1 1 849 1 867 0 0 3 0
866 2 3 262144 7 10 14 RING 0 3 64 203 100 1 1 1 857 1 875 0 0 3 0
874 2 3 262144 7 11 14 RING 0 3 64 203 100 1 1 1 865 1 883 0 0 3 0
882 2 3 262144 7 12 14 RING 0 3 64 203 100 1 1 1 873 1 891 0 0 3 0
890 2 3 262144 7 13 14 RING 0 3 64 203 100 1 1 1 881 0 0 0 3 0
3 3 4 262144 0 0 14 RING 0 3 64 304 100 1 2 0 1 12 0 0 3 0
11 3 4 262144 0 1 14 RING 0 3 64 304 100 1 2 1 2 1 20 0 0 3 0
19 3 4 262144 0 2 14 RING 0 3 64 304 100 1 2 1 10 1 28 0 0 3 0
27 3 4 262144 0 3 14 RING 0 3 64 304 100 1 2 1 18 1 36 0 0 3 0
35 3 4 262144 0 4 14 RING 0 3 64 304 100 1 2 1 26 1 44 0 0 3 0
43 3 4 262144 0 5 14 RING 0 3 64 304 100 1 2 1 34 1 52 0 0 3 0
51 3 4 262144 0 6 14 RING 0 3 64 304 100 1 2 1 42 1 60 0 0 3 0
59 3 4 262144 0 7 14 RING 0 3 64 304 100 1 2 1 50 1 68 0 0 3 0
67 3 4 262144 0 8 14 RING 0 3 64 304 100 1 2 1 58 1 76 0 0 3 0
75 3 4 262144 0 9 14 RING 0 3 64 304 100 1 2 1 66 1 84 0 0 3 0
83 3 4 262144 0 10 14 RING 0 3 64 304 100 1 2 1 74 1 92 0 0 3 0
91 3 4 262144 0 11 14 RING 0 3 64 304 100 1 2 1 82 1 100 0 0 3 0
99 3 4 262144 0 12 14 RING 0 3 64 304 100 1 2 1 90 1 108 0 0 3 0
107 3 4 262144 0 13 14 RING 0 3 64 304 100 1 2 1 98 0 0 0 3 0
115 3 4 262144 1 0 14 RING 0 3 64 304 100 1 2 0 1 124 0 0 3 0
123 3 4 262144 1 1 14 RING 0 3 64 304 100 1 2 1 114 1 132 0 0 3 0
131 3 4 262144 1 2 14 RING 0 3 64 304 100 1 2 1 122 1 140 0 0 3 0
139 3 4 262144 1 3 14 RING 0 3 64 304 100 1 2 1 130 1 148 0 0 3 0
147 3 4 262144 1 4 14 RING 0 3 64 304 100 1 2 1 138 1 156 0 0 3 0
155 3 4 262144 1 5 14 RING 0 3 64 304 100 1 2 1 146 1 164 0 0 3 0
163 3 4 262144 1 6 14 RING 0 3 64 304 100 1 2 1 154 1 172 0 0 3 0
171 3 4 262144 1 7 14 RING 0 3 64 304 100 1 2 1 162 1 180 0 0 3 0
179 3 4 262144 1 8 14 RING 0 3 64 304 100 1 2 1 170 1 188 0 0 3 0
187 3 4 262144 1 9 14 RING 0 3 64 304 100 1 2 1 178 1 196 0 0 3 0
195 3 4 262144 1 10 14 RING 0 3 64 304 100 1 2 1 186 1 204 0 0 3 0
203 3 4 262144 1 11 14 RING 0 3 64 304 100 1 2 1 194 1 212 0 0 3 0
211 3 4 262144 1 12 14 RING 0 3 64 304 100 1 2 1 202 1 220 0 0 3 0
219 3 4 262144 1 13 14 RING 0 3 64 304 100 1 2 1 210 0 0 0 3 0
227 3 4 262144 2 0 14 RING 0 3 64 304 100 1 2 0 1 236 0 0 3 0
235 3 4 262144 2 1 14 RING 0 3 64 304 100 1 2 1 226 1 244 0 0 3 0
243 3 4 262144 2 2 14 RING 0 3 64 304 100 1 2 1 234 1 252 0 0 3 0
251 3 4 262144 2 3 14 RING 0 3 64 304 100 1 2 1 242 1 260 0 0 3 0
259 3 4 262144 2 4 14 RING 0 3 64 304 100 1 2 1 250 1 268 0 0 3 0
267 3 4 262144 2 5 14 RING 0 3 64 304 100 1 2 1 258 1 276 0 0 3 0
275 3 4 262144 2 6 14 RING 0 3 64 304 100 1 2 1 266 1 284 0 0 3 0
283 3 4 262144 2 7 14 RING 0 3 64 304 100 1 2 1 274 1 292 0 0 3 0
291 3 4 262144 2 8 14 RING 0 3 64 304 100 1 2 1 282 1 300 0 0 3 0
299 3 4 262144 2 9 14 RING 0 3 64 304 100 1 2 1 290 1 308 0 0 3 0
307 3 4 262144 2 10 14 RING 0 3 64 304 100 1 2 1 298 1 316 0 0 3 0
315 3 4 262144 2 11 14 RING 0 3 64 304 100 1 2 1 306 1 324 0 0 3 0
323 3 4 262144 2 12 14 RING 0 3 64 304 100 1 2 1 314 1 332 0 0 3 0
331 3 4 262144 2 13 14 RING 0 3 64 304 100 1 2 1 322 0 0 0 3 0
339 3 4 262144 3 0 14 RING 0 3 64 304 100 1 2 0 1 348 0 0 3 0
347 3 4 262144 3 1 14 RING 0 3 64 304 100 1 2 1 338 1 356 0 0 3 0
355 3 4 262144 3 2 14 RING 0 3 64 304 100 1 2 1 346 1 364 0 0 3 0
363 3 4 262144 3 3 14 RING 0 3 64 304 100 1 2 1 354 1 372 0 0 3 0
371 3 4 262144 3 4 14 RING 0 3 64 304 100 1 2 1 362 1 380 0 0 3 0
379 3 4 262144 3 5 14 RING 0 3 64 304 100 1 2 1 370 1 388 0 0 3 0
387 3 4 262144 3 6 14 RING 0 3 64 304 100 1 2 1 378 1 396 0 0 3 0
395 3 4 262144 3 7 14 RING 0 3 64 304 100 1 2 1 386 1 404 0 0 3 0
403 3 4 262144 3 8 14 RING 0 3 64 304 100 1 2 1 394 1 412 0 0 3 0
411 3 4 262144 3 9 14 RING 0 3 64 304 100 1 2 1 402 1 420 0 0 3 0
419 3 4 262144 3 10 14 RING 0 3 64 304 100 1 2 1 410 1 428 0 0 3 0
427 3 4 262144 3 11 14 RING 0 3 64 304 100 1 2 1 418 1 436 0 0 3 0
435 3 4 262144 3 12 14 RING 0 3 64 304 100 1 2 1 426 1 444 0 0 3 0
443 3 4 262144 3 13 14 RING 0 3 64 304 100 1 2 1 434 0 0 0 3 0
451 3 4 262144 4 0 14 RING 0 3 64 304 100 1 2 0 1 460 0 0 3 0
459 3 4 262144 4 1 14 RING 0 3 64 304 100 1 2 1 450 1 468 0 0 3 0
467 3 4 262144 4 2 14 RING 0 3 64 304 100 1 2 1 458 1 476 0 0 3 0
475 3 4 262144 4 3 14 RING 0 3 64 304 100 1 2 1 466 1 484 0 0 3 0
483 3 4 262144 4 4 14 RING 0 3 64 304 100 1 2 1 474 1 492 0 0 3 0
491 3 4 262144 4 5 14 RING 0 3 64 304 100 1 2 1 482 1 500 0 0 3 0
499 3 4 262144 4 6 14 RING 0 3 64 304 100 1 2 1 490 1 508 0 0 3 0
507 3 4 262144 4 7 14 RING 0 3 64 304 100 1 2 1 498 1 516 0 0 3 0
515 3 4 262144 4 8 14 RING 0 3 64 304 100 1 2 1 506 1 524 0 0 3 0
523 3 4 262144 4 9 14 RING 0 3 64 304 100 1 2 1 514 1 532 0 0 3 0
531 3 4 262144 4 10 14 RING 0 3 64 304 100 1 2 1 522 1 540 0 0 3 0
539 3 4 262144 4 11 14 RING 0 3 64 304 100 1 2 1 530 1 548 0 0 3 0
547 3 4 262144 4 12 14 RING 0 3 64 304 100 1 2 1 538 1 556 0 0 3 0
555 3 4 262144 4 13 14 RING 0 3 64 304 100 1 2 1 546 0 0 0 3 0
563 3 4 262144 5 0 14 RING 0 3 64 304 100 1 2 0 1 572 0 0 3 0
571 3 4 262144 5 1 14 RING 0 3 64 304 100 1 2 1 562 1 580 0 0 3 0
579 3 4 262144 5 2 14 RING 0 3 64 304 100 1 2 1 570 1 588 0 0 3 0
587 3 4 262144 5 3 14 RING 0 3 64 304 100 1 2 1 578 1 596 0 0 3 0
595 3 4 262144 5 4 14 RING 0 3 64 304 100 1 2 1 586 1 604 0 0 3 0
603 3 4 262144 5 5 14 RING 0 3 64 304 100 1 2 1 594 1 612 0 0 3 0
611 3 4 262144 5 6 14 RING 0 3 64 304 100 1 2 1 602 1 620 0 0 3 0
619 3 4 262144 5 7 14 RING 0 3 64 304 100 1 2 1 610 1 628 0 0 3 0
627 3 4 262144 5 8 14 RING 0 3 64 304 100 1 2 1 618 1 636 0 0 3 0
635 3 4 262144 5 9 14 RING 0 3 64 304 100 1 2 1 626 1 644 0 0 3 0
643 3 4 262144 5 10 14 RING 0 3 64 304 100 1 2 1 634 1 652 0 0 3 0
651 3 4 262144 5 11 14 RING 0 3 64 304 100 1 2 1 642 1 660 0 0 3 0
659 3 4 262144 5 12 14 RING 0 3 64 304 100 1 2 1 650 1 668 0 0 3 0
667 3 4 262144 5 13 14 RING 0 3 64 304 100 1 2 1 658 0 0 0 3 0
675 3 4 262144 6 0 14 RING 0 3 64 304 100 1 2 0 1 684 0 0 3 0
683 3 4 262144 6 1 14 RING 0 3 64 304 100 1 2 1 674 1 692 0 0 3 0
691 3 4 262144 6 2 14 RING 0 3 64 304 100 1 2 1 682 1 700 0 0 3 0
699 3 4 262144 6 3 14 RING 0 3 64 304 100 1 2 1 690 1 708 0 0 3 0
707 3 4 262144 6 4 14 RING 0 3 64 304 100 1 2 1 698 1 716 0 0 3 0
715 3 4 262144 6 5 14 RING 0 3 64 304 100 1 2 1 706 1 724 0 0 3 0
723 3 4 262144 6 6 14 RING 0 3 64 304 100 1 2 1 714 1 732 0 0 3 0
731 3 4 262144 6 7 14 RING 0 3 64 304 100 1 2 1 722 1 740 0 0 3 0
739 3 4 262144 6 8 14 RING 0 3 64 304 100 1 2 1 730 1 748 0 0 3 0
747 3 4 262144 6 9 14 RING 0 3 64 304 100 1 2 1 738 1 756 0 0 3 0
755 3 4 262144 6 10 14 RING 0 3 64 304 100 1 2 1 746 1 764 0 0 3 0
763 3 4 262144 6 11 14 RING 0 3 64 304 100 1 2 1 754 1 772 0 0 3 0
771 3 4 262144 6 12 14 RING 0 3 64 304 100 1 2 1 762 1 780 0 0 3 0
779 3 4 262144 6 13 14 RING 0 3 64 304 100 1 2 1 770 0 0 0 3 0
787 3 4 262144 7 0 14 RING 0 3 64 304 100 1 2 0 1 796 0 0 3 0
795 3 4 262144 7 1 14 RING 0 3 64 304 100 1 2 1 786 1 804 0 0 3 0
803 3 4 262144 7 2 14 RING 0 3 64 304 100 1 2 1 794 1 812 0 0 3 0
811 3 4 262144 7 3 14 RING 0 3 64 304 100 1 2 1 802 1 820 0 0 3 0
819 3 4 262144 7 4 14 RING 0 3 64 304 100 1 2 1 810 1 828 0 0 3 0
827 3 4 262144 7 5 14 RING 0 3 64 304 100 1 2 1 818 1 836 0 0 3 0
835 3 4 262144 7 6 14 RING 0 3 64 304 100 1 2 1 826 1 844 0 0 3 0
843 3 4 262144 7 7 14 RING 0 3 64 304 100 1 2 1 834 1 852 0 0 3 0
851 3 4 262144 7 8 14 RING 0 3 64 304 100 1 2 1 842 1 860 0 0 3 0
859 3 4 262144 7 9 14 RING 0 3 64 304 100 1 2 1 850 1 868 0 0 3 0
867 3 4 262144 7 10 14 RING 0 3 64 304 100 1 2 1 858 1 876 0 0 3 0
875 3 4 262144 7 11 14 RING 0 3 64 304 100 1 2 1 866 1 884 0 0 3 0
883 3 4 262144 7 12 14 RING 0 3 64 304 100 1 2 1 874 1 892 0 0 3 0
891 3 4 262144 7 13 14 RING 0 3 64 304 100 1 2 1 882 0 0 0 3 0
4 4 5 262144 0 0 14 RING 0 3 64 405 100 1 3 0 1 13 0 0 3 0
12 4 5 262144 0 1 14 RING 0 3 64 405 100 1 3 1 3 1 21 0 0 3 0
20 4 5 262144 0 2 14 RING 0 3 64 405 100 1 3 1 11 1 29 0 0 3 0
28 4 5 262144 0 3 14 RING 0 3 64 405 100 1 3 1 19 1 37 0 0 3 0
36 4 5 262144 0 4 14 RING 0 3 64 405 100 1 3 1 27 1 45 0 0 3 0
44 4 5 262144 0 5 14 RING 0 3 64 405 100 1 3 1 35 1 53 0 0 3 0
52 4 5 262144 0 6 14 RING 0 3 64 405 100 1 3 1 43 1 61 0 0 3 0
60 4 5 262144 0 7 14 RING 0 3 64 405 100 1 3 1 51 1 69 0 0 3 0
68 4 5 262144 0 8 14 RING 0 3 64 405 100 1 3 1 59 1 77 0 0 3 0
76 4 5 262144 0 9 14 RING 0 3 64 405 100 1 3 1 67 1 85 0 0 3 0
84 4 5 262144 0 10 14 RING 0 3 64 405 100 1 3 1 75 1 93 0 0 3 0
92 4 5 262144 0 11 14 RING 0 3 64 405 100 1 3 1 83 1 101 0 0 3 0
100 4 5 262144 0 12 14 RING 0 3 64 405 100 1 3 1 91 1 109 0 0 3 0
108 4 5 262144 0 13 14 RING 0 3 64 405 100 1 3 1 99 0 0 0 3 0
116 4 5 262144 1 0 14 RING 0 3 64 405 100 1 3 0 1 125 0 0 3 0
124 4 5 262144 1 1 14 RING 0 3 64 405 100 1 3 1 115 1 133 0 0 3 0
132 4 5 262144 1 2 14 RING 0 3 64 405 100 1 3 1 123 1 141 0 0 3 0
140 4 5 262144 1 3 14 RING 0 3 64 405 100 1 3 1 131 1 149 0 0 3 0
148 4 5 262144 1 4 14 RING 0 3 64 405 100 1 3 1 139 1 157 0 0 3 0
156 4 5 262144 1 5 14 RING 0 3 64 405 100 1 3 1 147 1 165 0 0 3 0
164 4 5 262144 1 6 14 RING 0 3 64 405 100 1 3 1 155 1 173 0 0 3 0
172 4 5 262144 1 7 14 RING 0 3 64 405 100 1 3 1 163 1 181 0 0 3 0
180 4 5 262144 1 8 14 RING 0 3 64 405 100 1 3 1 171 1 189 0 0 3 0
188 4 5 262144 1 9 14 RING 0 3 64 405 100 1 3 1 179 1 197 0 0 3 0
196 4 5 262144 1 10 14 RING 0 3 64 405 100 1 3 1 187 1 205 0 0 3 0
204 4 5 262144 1 11 14 RING 0 3 64 405 100 1 3 1 195 1 213 0 0 3 0
212 4 5 262144 1 12 14 RING 0 3 64 405 100 1 3 1 203 1 221 0 0 3 0
220 4 5 262144 1 13 14 RING 0 3 64 405 100 1 3 1 211 0 0 0 3 0
228 4 5 262144 2 0 14 RING 0 3 64 405 100 1 3 0 1 237 0 0 3 0
236 4 5 262144 2 1 14 RING 0 3 64 405 100 1 3 1 227 1 245 0 0 3 0
244 4 5 262144 2 2 14 RING 0 3 64 405 100 1 3 1 235 1 253 0 0 3 0
252 4 5 262144 2 3 14 RING 0 3 64 405 100 1 3 1 243 1 261 0 0 3 0
260 4 5 262144 2 4 14 RING 0 3 64 405 100 1 3 1 251 1 269 0 0 3 0
268 4 5 262144 2 5 14 RING 0 3 64 405 100 1 3 1 259 1 277 0 0 3 0
276 4 5 262144 2 6 14 RING 0 3 64 405 100 1 3 1 267 1 285 0 0 3 0
284 4 5 262144 2 7 14 RING 0 3 64 405 100 1 3 1 275 1 293 0 0 3 0
292 4 5 262144 2 8 14 RING 0 3 64 405 100 1 3 1 283 1 301 0 0 3 0
300 4 5 262144 2 9 14 RING 0 3 64 405 100 1 3 1 291 1 309 0 0 3 0
308 4 5 262144 2 10 14 RING 0 3 64 405 100 1 3 1 299 1 317 0 0 3 0
316 4 5 262144 2 11 14 RING 0 3 64 405 100 1 3 1 307 1 325 0 0 3 0
324 4 5 262144 2 12 14 RING 0 3 64 405 100 1 3 1 315 1 333 0 0 3 0
332 4 5 262144 2 13 14 RING 0 3 64 405 100 1 3 1 323 0 0 0 3 0
340 4 5 262144 3 0 14 RING 0 3 64 405 100 1 3 0 1 349 0 0 3 0
348 4 5 262144 3 1 14 RING 0 3 64 405 100 1 3 1 339 1 357 0 0 3 0
356 4 5 262144 3 2 14 RING 0 3 64 405 100 1 3 1 347 1 365 0 0 3 0
364 4 5 262144 3 3 14 RING 0 3 64 405 100 1 3 1 355 1 373 0 0 3 0
372 4 5 262144 3 4 14 RING 0 3 64 405 100 1 3 1 363 1 381 0 0 3 0
380 4 5 262144 3 5 14 RING 0 3 64 405 100 1 3 1 371 1 389 0 0 3 0
388 4 5 262144 3 6 14 RING 0 3 64 405 100 1 3 1 379 1 397 0 0 3 0
396 4 5 262144 3 7 14 RING 0 3 64 405 100 1 3 1 387 1 405 0 0 3 0
404 4 5 262144 3 8 14 RING 0 3 64 405 100 1 3 1 395 1 413 0 0 3 0
412 4 5 262144 3 9 14 RING 0 3 64 405 100 1 3 1 403 1 421 0 0 3 0
420 4 5 262144 3 10 14 RING 0 3 64 405 100 1 3 1 411 1 429 0 0 3 0
428 4 5 262144 3 11 14 RING 0 3 64 405 100 1 3 1 419 1 437 0 0 3 0
436 4 5 262144 3 12 14 RING 0 3 64 405 100 1 3 1 427 1 445 0 0 3 0
444 4 5 262144 3 13 14 RING 0 3 64 405 100 1 3 1 435 0 0 0 3 0
452 4 5 262144 4 0 14 RING 0 3 64 405 100 1 3 0 1 461 0 0 3 0
460 4 5 262144 4 1 14 RING 0 3 64 405 100 1 3 1 451 1 469 0 0 3 0
468 4 5 262144 4 2 14 RING 0 3 64 405 100 1 3 1 459 1 477 0 0 3 0
476 4 5 262144 4 3 14 RING 0 3 64 405 100 1 3 1 467 1 485 0 0 3 0
484 4 5 262144 4 4 14 RING 0 3 64 405 100 1 3 1 475 1 493 0 0 3 0
492 4 5 262144 4 5 14 RING 0 3 64 405 100 1 3 1 483 1 501 0 0 3 0
500 4 5 262144 4 6 14 RING 0 3 64 405 100 1 3 1 491 1 509 0 0 3 0
508 4 5 262144 4 7 14 RING 0 3 64 405 100 1 3 1 499 1 517 0 0 3 0
516 4 5 262144 4 8 14 RING 0 3 64 405 100 1 3 1 507 1 525 0 0 3 0
524 4 5 262144 4 9 14 RING 0 3 64 405 100 1 3 1 515 1 533 0 0 3 0
532 4 5 262144 4 10 14 RING 0 3 64 405 100 1 3 1 523 1 541 0 0 3 0
540 4 5 262144 4 11 14 RING 0 3 64 405 100 1 3 1 531 1 549 0 0 3 0
548 4 5 262144 4 12 14 RING 0 3 64 405 100 1 3 1 539 1 557 0 0 3 0
556 4 5 262144 4 13 14 RING 0 3 64 405 100 1 3 1 547 0 0 0 3 0
564 4 5 262144 5 0 14 RING 0 3 64 405 100 1 3 0 1 573 0 0 3 0
572 4 5 262144 5 1 14 RING 0 3 64 405 100 1 3 1 563 1 581 0 0 3 0
580 4 5 262144 5 2 14 RING 0 3 64 405 100 1 3 1 571 1 589 0 0 3 0
588 4 5 262144 5 3 14 RING 0 3 64 405 100 1 3 1 579 1 597 0 0 3 0
596 4 5 262144 5 4 14 RING 0 3 64 405 100 1 3 1 587 1 605 0 0 3 0
604 4 5 262144 5 5 14 RING 0 3 64 405 100 1 3 1 595 1 613 0 0 3 0
612 4 5 262144 5 6 14 RING 0 3 64 405 100 1 3 1 603 1 621 0 0 3 0
620 4 5 262144 5 7 14 RING 0 3 64 405 100 1 3 1 611 1 629 0 0 3 0
628 4 5 262144 5 8 14 RING 0 3 64 405 100 1 3 1 619 1 637 0 0 3 0
636 4 5 262144 5 9 14 RING 0 3 64 405 100 1 3 1 627 1 645 0 0 3 0
644 4 5 262144 5 10 14 RING 0 3 64 405 100 1 3 1 635 1 653 0 0 3 0
652 4 5 262144 5 11 14 RING 0 3 64 405 100 1 3 1 643 1 661 0 0 3 0
660 4 5 262144 5 12 14 RING 0 3 64 405 100 1 3 1 651 1 669 0 0 3 0
668 4 5 262144 5 13 14 RING 0 3 64 405 100 1 3 1 659 0 0 0 3 0
676 4 5 262144 6 0 14 RING 0 3 64 405 100 1 3 0 1 685 0 0 3 0
684 4 5 262144 6 1 14 RING 0 3 64 405 100 1 3 1 675 1 693 0 0 3 0
692 4 5 262144 6 2 14 RING 0 3 64 405 100 1 3 1 683 1 701 0 0 3 0
700 4 5 262144 6 3 14 RING 0 3 64 405 100 1 3 1 691 1 709 0 0 3 0
708 4 5 262144 6 4 14 RING 0 3 64 405 100 1 3 1 699 1 717 0 0 3 0
716 4 5 262144 6 5 14 RING 0 3 64 405 100 1 3 1 707 1 725 0 0 3 0
724 4 5 262144 6 6 14 RING 0 3 64 405 100 1 3 1 715 1 733 0 0 3 0
732 4 5 262144 6 7 14 RING 0 3 64 405 100 1 3 1 723 1 741 0 0 3 0
740 4 5 262144 6 8 14 RING 0 3 64 405 100 1 3 1 731 1 749 0 0 3 0
748 4 5 262144 6 9 14 RING 0 3 64 405 100 1 3 1 739 1 757 0 0 3 0
756 4 5 262144 6 10 14 RING 0 3 64 405 100 1 3 1 747 1 765 0 0 3 0
764 4 5 262144 6 11 14 RING 0 3 64 405 100 1 3 1 755 1 773 0 0 3 0
772 4 5 262144 6 12 14 RING 0 3 64 405 100 1 3 1 763 1 781 0 0 3 0
780 4 5 262144 6 13 14 RING 0 3 64 405 100 1 3 1 771 0 0 0 3 0
788 4 5 262144 7 0 14 RING 0 3 64 405 100 1 3 0 1 797 0 0 3 0
796 4 5 262144 7 1 14 RING 0 3 64 405 100 1 3 1 787 1 805 0 0 3 0
804 4 5 262144 7 2 14 RING 0 3 64 405 100 1 3 1 795 1 813 0 0 3 0
812 4 5 262144 7 3 14 RING 0 3 64 405 100 1 3 1 803 1 821 0 0 3 0
820 4 5 262144 7 4 14 RING 0 3 64 405 100 1 3 1 811 1 829 0 0 3 0
828 4 5 262144 7 5 14 RING 0 3 64 405 100 1 3 1 819 1 837 0 0 3 0
836 4 5 262144 7 6 14 RING 0 3 64 405 100 1 3 1 827 1 845 0 0 3 0
844 4 5 262144 7 7 14 RING 0 3 64 405 100 1 3 1 835 1 853 0 0 3 0
852 4 5 262144 7 8 14 RING 0 3 64 405 100 1 3 1 843 1 861 0 0 3 0
860 4 5 262144 7 9 14 RING 0 3 64 405 100 1 3 1 851 1 869 0 0 3 0
868 4 5 262144 7 10 14 RING 0 3 64 405 100 1 3 1 859 1 877 0 0 3 0
876 4 5 262144 7 11 14 RING 0 3 64 405 100 1 3 1 867 1 885 0 0 3 0
884 4 5 262144 7 12 14 RING 0 3 64 405 100 1 3 1 875 1 893 0 0 3 0
892 4 5 262144 7 13 14 RING 0 3 64 405 100 1 3 1 883 0 0 0 3 0
5 5 6 262144 0 0 14 RING 0 3 64 506 100 1 4 0 1 14 0 0 3 0
13 5 6 262144 0 1 14 RING 0 3 64 506 100 1 4 1 4 1 22 0 0 3 0
21 5 6 262144 0 2 14 RING 0 3 64 506 100 1 4 1 12 1 30 0 0 3 0
29 5 6 262144 0 3 14 RING 0 3 64 506 100 1 4 1 20 1 38 0 0 3 0
37 5 6 262144 0 4 14 RING 0 3 64 506 100 1 4 1 28 1 46 0 0 3 0
45 5 6 262144 0 5 14 RING 0 3 64 506 100 1 4 1 36 1 54 0 0 3 0
53 5 6 262144 0 6 14 RING 0 3 64 506 100 1 4 1 44 1 62 0 0 3 0
61 5 6 262144 0 7 14 RING 0 3 64 506 100 1 4 1 52 1 70 0 0 3 0
69 5 6 262144 0 8 14 RING 0 3 64 506 100 1 4 1 60 1 78 0 0 3 0
77 5 6 262144 0 9 14 RING 0 3 64 506 100 1 4 1 68 1 86 0 0 3 0
85 5 6 262144 0 10 14 RING 0 3 64 506 100 1 4 1 76 1 94 0 0 3 0
93 5 6 262144 0 11 14 RING 0 3 64 506 100 1 4 1 84 1 102 0 0 3 0
101 5 6 262144 0 12 14 RING 0 3 64 506 100 1 4 1 92 1 110 0 0 3 0
109 5 6 262144 0 13 14 RING 0 3 64 506 100 1 4 1 100 0 0 0 3 0
117 5 6 262144 1 0 14 RING 0 3 64 506 100 1 4 0 1 126 0 0 3 0
125 5 6 262144 1 1 14 RING 0 3 64 506 100 1 4 1 116 1 134 0 0 3 0
133 5 6 262144 1 2 14 RING 0 3 64 506 100 1 4 1 124 1 142 0 0 3 0
141 5 6 262144 1 3 14 RING 0 3 64 506 100 1 4 1 132 1 150 0 0 3 0
149 5 6 262144 1 4 14 RING 0 3 64 506 100 1 4 1 140 1 158 0 0 3 0
157 5 6 262144 1 5 14 RING 0 3 64 506 100 1 4 1 148 1 166 0 0 3 0
165 5 6 262144 1 6 14 RING 0 3 64 506 100 1 4 1 156 1 174 0 0 3 0
173 5 6 262144 1 7 14 RING 0 3 64 506 100 1 4 1 164 1 182 0 0 3 0
181 5 6 262144 1 8 14 RING 0 3 64 506 100 1 4 1 172 1 190 0 0 3 0
189 5 6 262144 1 9 14 RING 0 3 64 506 100 1 4 1 180 1 198 0 0 3 0
197 5 6 262144 1 10 14 RING 0 3 64 506 100 1 4 1 188 1 206 0 0 3 0
205 5 6 262144 1 11 14 RING 0 3 64 506 100 1 4 1 196 1 214 0 0 3 0
213 5 6 262144 1 12 14 RING 0 3 64 506 100 1 4 1 204 1 222 0 0 3 0
221 5 6 262144 1 13 14 RING 0 3 64 506 100 1 4 1 212 0 0 0 3 0
229 5 6 262144 2 0 14 RING 0 3 64 506 100 1 4 0 1 238 0 0 3 0
237 5 6 262144 2 1 14 RING 0 3 64 506 100 1 4 1 228 1 246 0 0 3 0
245 5 6 262144 2 2 14 RING 0 3 64 506 100 1 4 1 236 1 254 0 0 3 0
253 5 6 262144 2 3 14 RING 0 3 64 506 100 1 4 1 244 1 262 0 0 3 0
261 5 6 262144 2 4 14 RING 0 3 64 506 100 1 4 1 252 1 270 0 0 3 0
269 5 6 262144 2 5 14 RING 0 3 64 506 100 1 4 1 260 1 278 0 0 3 0
277 5 6 262144 2 6 14 RING 0 3 64 506 100 1 4 1 268 1 286 0 0 3 0
285 5 6 262144 2 7 14 RING 0 3 64 506 100 1 4 1 276 1 294 0 0 3 0
293 5 6 262144 2 8 14 RING 0 3 64 506 100 1 4 1 284 1 302 0 0 3 0
301 5 6 262144 2 9 14 RING 0 3 64 506 100 1 4 1 292 1 310 0 0 3 0
309 5 6 262144 2 10 14 RING 0 3 64 506 100 1 4 1 300 1 318 0 0 3 0
317 5 6 262144 2 11 14 RING 0 3 64 506 100 1 4 1 308 1 326 0 0 3 0
325 5 6 262144 2 12 14 RING 0 3 64 506 100 1 4 1 316 1 334 0 0 3 0
333 5 6 262144 2 13 14 RING 0 3 64 506 100 1 4 1 324 0 0 0 3 0
341 5 6 262144 3 0 14 RING 0 3 64 506 100 1 4 0 1 350 0 0 3 0
349 5 6 262144 3 1 14 RING 0 3 64 506 100 1 4 1 340 1 358 0 0 3 0
357 5 6 262144 3 2 14 RING 0 3 64 506 100 1 4 1 348 1 366 0 0 3 0
365 5 6 262144 3 3 14 RING 0 3 64 506 100 1 4 1 356 1 374 0 0 3 0
373 5 6 262144 3 4 14 RING 0 3 64 506 100 1 4 1 364 1 382 0 0 3 0
381 5 6 262144 3 5 14 RING 0 3 64 506 100 1 4 1 372 1 390 0 0 3 0
389 5 6 262144 3 6 14 RING 0 3 64 506 100 1 4 1 380 1 398 0 0 3 0
397 5 6 262144 3 7 14 RING 0 3 64 506 100 1 4 1 388 1 406 0 0 3 0
405 5 6 262144 3 8 14 RING 0 3 64 506 100 1 4 1 396 1 414 0 0 3 0
413 5 6 262144 3 9 14 RING 0 3 64 506 100 1 4 1 404 1 422 0 0 3 0
421 5 6 262144 3 10 14 RING 0 3 64 506 100 1 4 1 412 1 430 0 0 3 0
429 5 6 262144 3 11 14 RING 0 3 64 506 100 1 4 1 420 1 438 0 0 3 0
437 5 6 262144 3 12 14 RING 0 3 64 506 100 1 4 1 428 1 446 0 0 3 0
445 5 6 262144 3 13 14 RING 0 3 64 506 100 1 4 1 436 0 0 0 3 0
453 5 6 262144 4 0 14 RING 0 3 64 506 100 1 4 0 1 462 0 0 3 0
461 5 6 262144 4 1 14 RING 0 3 64 506 100 1 4 1 452 1 470 0 0 3 0
469 5 6 262144 4 2 14 RING 0 3 64 506 100 1 4 1 460 1 478 0 0 3 0
477 5 6 262144 4 3 14 RING 0 3 64 506 100 1 4 1 468 1 486 0 0 3 0
485 5 6 262144 4 4 14 RING 0 3 64 506 100 1 4 1 476 1 494 0 0 3 0
493 5 6 262144 4 5 14 RING 0 3 64 506 100 1 4 1 484 1 502 0 0 3 0
501 5 6 262144 4 6 14 RING 0 3 64 506 100 1 4 1 492 1 510 0 0 3 0
509 5 6 262144 4 7 14 RING 0 3 64 506 100 1 4 1 500 1 518 0 0 3 0
517 5 6 262144 4 8 14 RING 0 3 64 506 100 1 4 1 508 1 526 0 0 3 0
525 5 6 262144 4 9 14 RING 0 3 64 506 100 1 4 1 516 1 534 0 0 3 0
533 5 6 262144 4 10 14 RING 0 3 64 506 100 1 4 1 524 1 542 0 0 3 0
541 5 6 262144 4 11 14 RING 0 3 64 506 100 1 4 1 532 1 550 0 0 3 0
549 5 6 262144 4 12 14 RING 0 3 64 506 100 1 4 1 540 1 558 0 0 3 0
557 5 6 262144 4 13 14 RING 0 3 64 506 100 1 4 1 548 0 0 0 3 0
565 5 6 262144 5 0 14 RING 0 3 64 506 100 1 4 0 1 574 0 0 3 0
573 5 6 262144 5 1 14 RING 0 3 64 506 100 1 4 1 564 1 582 0 0 3 0
581 5 6 262144 5 2 14 RING 0 3 64 506 100 1 4 1 572 1 590 0 0 3 0
589 5 6 262144 5 3 14 RING 0 3 64 506 100 1 4 1 580 1 598 0 0 3 0
597 5 6 262144 5 4 14 RING 0 3 64 506 100 1 4 1 588 1 606 0 0 3 0
605 5 6 262144 5 5 14 RING 0 3 64 506 100 1 4 1 596 1 614 0 0 3 0
613 5 6 262144 5 6 14 RING 0 3 64 506 100 1 4 1 604 1 622 0 0 3 0
621 5 6 262144 5 7 14 RING 0 3 64 506 100 1 4 1 612 1 630 0 0 3 0
629 5 6 262144 5 8 14 RING 0 3 64 506 100 1 4 1 620 1 638 0 0 3 0
637 5 6 262144 5 9 14 RING 0 3 64 506 100 1 4 1 628 1 646 0 0 3 0
645 5 6 262144 5 10 14 RING 0 3 64 506 100 1 4 1 636 1 654 0 0 3 0
653 5 6 262144 5 11 14 RING 0 3 64 506 100 1 4 1 644 1 662 0 0 3 0
661 5 6 262144 5 12 14 RING 0 3 64 506 100 1 4 1 652 1 670 0 0 3 0
669 5 6 262144 5 13 14 RING 0 3 64 506 100 1 4 1 660 0 0 0 3 0
677 5 6 262144 6 0 14 RING 0 3 64 506 100 1 4 0 1 686 0 0 3 0
685 5 6 262144 6 1 14 RING 0 3 64 506 100 1 4 1 676 1 694 0 0 3 0
693 5 6 262144 6 2 14 RING 0 3 64 506 100 1 4 1 684 1 702 0 0 3 0
701 5 6 262144 6 3 14 RING 0 3 64 506 100 1 4 1 692 1 710 0 0 3 0
709 5 6 262144 6 4 14 RING 0 3 64 506 100 1 4 1 700 1 718 0 0 3 0
717 5 6 262144 6 5 14 RING 0 3 64 506 100 1 4 1 708 1 726 0 0 3 0
725 5 6 262144 6 6 14 RING 0 3 64 506 100 1 4 1 716 1 734 0 0 3 0
733 5 6 262144 6 7 14 RING 0 3 64 506 100 1 4 1 724 1 742 0 0 3 0
741 5 6 262144 6 8 14 RING 0 3 64 506 100 1 4 1 732 1 750 0 0 3 0
749 5 6 262144 6 9 14 RING 0 3 64 506 100 1 4 1 740 1 758 0 0 3 0
757 5 6 262144 6 10 14 RING 0 3 64 506 100 1 4 1 748 1 766 0 0 3 0
765 5 6 262144 6 11 14 RING 0 3 64 506 100 1 4 1 756 1 774 0 0 3 0
773 5 6 262144 6 12 14 RING 0 3 64 506 100 1 4 1 764 1 782 0 0 3 0
781 5 6 262144 6 13 14 RING 0 3 64 506 100 1 4 1 772 0 0 0 3 0
789 5 6 262144 7 0 14 RING 0 3 64 506 100 1 4 0 1 798 0 0 3 0
797 5 6 262144 7 1 14 RING 0 3 64 506 100 1 4 1 788 1 806 0 0 3 0
805 5 6 262144 7 2 14 RING 0 3 64 506 100 1 4 1 796 1 814 0 0 3 0
813 5 6 262144 7 3 14 RING 0 3 64 506 100 1 4 1 804 1 822 0 0 3 0
821 5 6 262144 7 4 14 RING 0 3 64 506 100 1 4 1 812 1 830 0 0 3 0
829 5 6 262144 7 5 14 RING 0 3 64 506 100 1 4 1 820 1 838 0 0 3 0
837 5 6 262144 7 6 14 RING 0 3 64 506 100 1 4 1 828 1 846 0 0 3 0
845 5 6 262144 7 7 14 RING 0 3 64 506 100 1 4 1 836 1 854 0 0 3 0
853 5 6 262144 7 8 14 RING 0 3 64 506 100 1 4 1 844 1 862 0 0 3 0
861 5 6 262144 7 9 14 RING 0 3 64 506 100 1 4 1 852 1 870 0 0 3 0
869 5 6 262144 7 10 14 RING 0 3 64 506 100 1 4 1 860 1 878 0 0 3 0
877 5 6 262144 7 11 14 RING 0 3 64 506 100 1 4 1 868 1 886 0 0 3 0
885 5 6 262144 7 12 14 RING 0 3 64 506 100 1 4 1 876 1 894 0 0 3 0
893 5 6 262144 7 13 14 RING 0 3 64 506 100 1 4 1 884 0 0 0 3 0
6 6 7 262144 0 0 14 RING 0 3 64 607 100 1 5 0 1 15 0 0 3 0
14 6 7 262144 0 1 14 RING 0 3 64 607 100 1 5 1 5 1 23 0 0 3 0
22 6 7 262144 0 2 14 RING 0 3 64 607 100 1 5 1 13 1 31 0 0 3 0
30 6 7 262144 0 3 14 RING 0 3 64 607 100 1 5 1 21 1 39 0 0 3 0
38 6 7 262144 0 4 14 RING 0 3 64 607 100 1 5 1 29 1 47 0 0 3 0
46 6 7 262144 0 5 14 RING 0 3 64 607 100 1 5 1 37 1 55 0 0 3 0
54 6 7 262144 0 6 14 RING 0 3 64 607 100 1 5 1 45 1 63 0 0 3 0
62 6 7 262144 0 7 14 RING 0 3 64 607 100 1 5 1 53 1 71 0 0 3 0
70 6 7 262144 0 8 14 RING 0 3 64 607 100 1 5 1 61 1 79 0 0 3 0
78 6 7 262144 0 9 14 RING 0 3 64 607 100 1 5 1 69 1 87 0 0 3 0
86 6 7 262144 0 10 14 RING 0 3 64 607 100 1 5 1 77 1 95 0 0 3 0
94 6 7 262144 0 11 14 RING 0 3 64 607 100 1 5 1 85 1 103 0 0 3 0
102 6 7 262144 0 12 14 RING 0 3 64 607 100 1 5 1 93 1 111 0 0 3 0
110 6 7 262144 0 13 14 RING 0 3 64 607 100 1 5 1 101 0 0 0 3 0
118 6 7 262144 1 0 14 RING 0 3 64 607 100 1 5 0 1 127 0 0 3 0
126 6 7 262144 1 1 14 RING 0 3 64 607 100 1 5 1 117 1 135 0 0 3 0
134 6 7 262144 1 2 14 RING 0 3 64 607 100 1 5 1 125 1 143 0 0 3 0
142 6 7 262144 1 3 14 RING 0 3 64 607 100 1 5 1 133 1 151 0 0 3 0
150 6 7 262144 1 4 14 RING 0 3 64 607 100 1 5 1 141 1 159 0 0 3 0
158 6 7 262144 1 5 14 RING 0 3 64 607 100 1 5 1 149 1 167 0 0 3 0
166 6 7 262144 1 6 14 RING 0 3 64 607 100 1 5 1 157 1 175 0 0 3 0
174 6 7 262144 1 7 14 RING 0 3 64 607 100 1 5 1 165 1 183 0 0 3 0
182 6 7 262144 1 8 14 RING 0 3 64 607 100 1 5 1 173 1 191 0 0 3 0
190 6 7 262144 1 9 14 RING 0 3 64 607 100 1 5 1 181 1 199 0 0 3 0
198 6 7 262144 1 10 14 RING 0 3 64 607 100 1 5 1 189 1 207 0 0 3 0
206 6 7 262144 1 11 14 RING 0 3 64 607 100 1 5 1 197 1 215 0 0 3 0
214 6 7 262144 1 12 14 RING 0 3 64 607 100 1 5 1 205 1 223 0 0 3 0
222 6 7 262144 1 13 14 RING 0 3 64 607 100 1 5 1 213 0 0 0 3 0
230 6 7 262144 2 0 14 RING 0 3 64 607 100 1 5 0 1 239 0 0 3 0
238 6 7 262144 2 1 14 RING 0 3 64 607 100 1 5 1 229 1 247 0 0 3 0
246 6 7 262144 2 2 14 RING 0 3 64 607 100 1 5 1 237 1 255 0 0 3 0
254 6 7 262144 2 3 14 RING 0 3 64 607 100 1 5 1 245 1 263 0 0 3 0
262 6 7 262144 2 4 14 RING 0 3 64 607 100 1 5 1 253 1 271 0 0 3 0
270 6 7 262144 2 5 14 RING 0 3 64 607 100 1 5 1 261 1 279 0 0 3 0
278 6 7 262144 2 6 14 RING 0 3 64 607 100 1 5 1 269 1 287 0 0 3 0
286 6 7 262144 2 7 14 RING 0 3 64 607 100 1 5 1 277 1 295 0 0 3 0
294 6 7 262144 2 8 14 RING 0 3 64 607 100 1 5 1 285 1 303 0 0 3 0
302 6 7 262144 2 9 14 RING 0 3 64 607 100 1 5 1 293 1 311 0 0 3 0
310 6 7 262144 2 10 14 RING 0 3 64 607 100 1 5 1 301 1 319 0 0 3 0
318 6 7 262144 2 11 14 RING 0 3 64 607 100 1 5 1 309 1 327 0 0 3 0
326 6 7 262144 2 12 14 RING 0 3 64 607 100 1 5 1 317 1 335 0 0 3 0
334 6 7 262144 2 13 14 RING 0 3 64 607 100 1 5 1 325 0 0 0 3 0
342 6 7 262144 3 0 14 RING 0 3 64 607 100 1 5 0 1 351 0 0 3 0
350 6 7 262144 3 1 14 RING 0 3 64 607 100 1 5 1 341 1 359 0 0 3 0
358 6 7 262144 3 2 14 RING 0 3 64 607 100 1 5 1 349 1 367 0 0 3 0
366 6 7 262144 3 3 14 RING 0 3 64 607 100 1 5 1 357 1 375 0 0 3 0
374 6 7 262144 3 4 14 RING 0 3 64 607 100 1 5 1 365 1 383 0 0 3 0
382 6 7 262144 3 5 14 RING 0 3 64 607 100 1 5 1 373 1 391 0 0 3 0
390 6 7 262144 3 6 14 RING 0 3 64 607 100 1 5 1 381 1 399 0 0 3 0
398 6 7 262144 3 7 14 RING 0 3 64 607 100 1 5 1 389 1 407 0 0 3 0
406 6 7 262144 3 8 14 RING 0 3 64 607 100 1 5 1 397 1 415 0 0 3 0
414 6 7 262144 3 9 14 RING 0 3 64 607 100 1 5 1 405 1 423 0 0 3 0
422 6 7 262144 3 10 14 RING 0 3 64 607 100 1 5 1 413 1 431 0 0 3 0
430 6 7 262144 3 11 14 RING 0 3 64 607 100 1 5 1 421 1 439 0 0 3 0
438 6 7 262144 3 12 14 RING 0 3 64 607 100 1 5 1 429 1 447 0 0 3 0
446 6 7 262144 3 13 14 RING 0 3 64 607 100 1 5 1 437 0 0 0 3 0
454 6 7 262144 4 0 14 RING 0 3 64 607 100 1 5 0 1 463 0 0 3 0
462 6 7 262144 4 1 14 RING 0 3 64 607 100 1 5 1 453 1 471 0 0 3 0
470 6 7 262144 4 2 14 RING 0 3 64 607 100 1 5 1 461 1 479 0 0 3 0
478 6 7 262144 4 3 14 RING 0 3 64 607 100 1 5 1 469 1 487 0 0 3 0
486 6 7 262144 4 4 14 RING 0 3 64 607 100 1 5 1 477 1 495 0 0 3 0
494 6 7 262144 4 5 14 RING 0 3 64 607 100 1 5 1 485 1 503 0 0 3 0
502 6 7 262144 4 6 14 RING 0 3 64 607 100 1 5 1 493 1 511 0 0 3 0
510 6 7 262144 4 7 14 RING 0 3 64 607 100 1 5 1 501 1 519 0 0 3 0
518 6 7 262144 4 8 14 RING 0 3 64 607 100 1 5 1 509 1 527 0 0 3 0
526 6 7 262144 4 9 14 RING 0 3 64 607 100 1 5 1 517 1 535 0 0 3 0
534 6 7 262144 4 10 14 RING 0 3 64 607 100 1 5 1 525 1 543 0 0 3 0
542 6 7 262144 4 11 14 RING 0 3 64 607 100 1 5 1 533 1 551 0 0 3 0
550 6 7 262144 4 12 14 RING 0 3 64 607 100 1 5 1 541 1 559 0 0 3 0
558 6 7 262144 4 13 14 RING 0 3 64 607 100 1 5 1 549 0 0 0 3 0
566 6 7 262144 5 0 14 RING 0 3 64 607 100 1 5 0 1 575 0 0 3 0
574 6 7 262144 5 1 14 RING 0 3 64 607 100 1 5 1 565 1 583 0 0 3 0
582 6 7 262144 5 2 14 RING 0 3 64 607 100 1 5 1 573 1 591 0 0 3 0
590 6 7 262144 5 3 14 RING 0 3 64 607 100 1 5 1 581 1 599 0 0 3 0
598 6 7 262144 5 4 14 RING 0 3 64 607 100 1 5 1 589 1 607 0 0 3 0
606 6 7 262144 5 5 14 RING 0 3 64 607 100 1 5 1 597 1 615 0 0 3 0
614 6 7 262144 5 6 14 RING 0 3 64 607 100 1 5 1 605 1 623 0 0 3 0
622 6 7 262144 5 7 14 RING 0 3 64 607 100 1 5 1 613 1 631 0 0 3 0
630 6 7 262144 5 8 14 RING 0 3 64 607 100 1 5 1 621 1 639 0 0 3 0
638 6 7 262144 5 9 14 RING 0 3 64 607 100 1 5 1 629 1 647 0 0 3 0
646 6 7 262144 5 10 14 RING 0 3 64 607 100 1 5 1 637 1 655 0 0 3 0
654 6 7 262144 5 11 14 RING 0 3 64 607 100 1 5 1 645 1 663 0 0 3 0
662 6 7 262144 5 12 14 RING 0 3 64 607 100 1 5 1 653 1 671 0 0 3 0
670 6 7 262144 5 13 14 RING 0 3 64 607 100 1 5 1 661 0 0 0 3 0
678 6 7 262144 6 0 14 RING 0 3 64 607 100 1 5 0 1 687 0 0 3 0
686 6 7 262144 6 1 14 RING 0 3 64 607 100 1 5 1 677 1 695 0 0 3 0
694 6 7 262144 6 2 14 RING 0 3 64 607 100 1 5 1 685 1 703 0 0 3 0
702 6 7 262144 6 3 14 RING 0 3 64 607 100 1 5 1 693 1 711 0 0 3 0
710 6 7 262144 6 4 14 RING 0 3 64 607 100 1 5 1 701 1 719 0 0 3 0
718 6 7 262144 6 5 14 RING 0 3 64 607 100 1 5 1 709 1 727 0 0 3 0
726 6 7 262144 6 6 14 RING 0 3 64 607 100 1 5 1 717 1 735 0 0 3 0
734 6 7 262144 6 7 14 RING 0 3 64 607 100 1 5 1 725 1 743 0 0 3 0
742 6 7 262144 6 8 14 RING 0 3 64 607 100 1 5 1 733 1 751 0 0 3 0
750 6 7 262144 6 9 14 RING 0 3 64 607 100 1 5 1 741 1 759 0 0 3 0
758 6 7 262144 6 10 14 RING 0 3 64 607 100 1 5 1 749 1 767 0 0 3 0
766 6 7 262144 6 11 14 RING 0 3 64 607 100 1 5 1 757 1 775 0 0 3 0
774 6 7 262144 6 12 14 RING 0 3 64 607 100 1 5 1 765 1 783 0 0 3 0
782 6 7 262144 6 13 14 RING 0 3 64 607 100 1 5 1 773 0 0 0 3 0
790 6 7 262144 7 0 14 RING 0 3 64 607 100 1 5 0 1 799 0 0 3 0
798 6 7 262144 7 1 14 RING 0 3 64 607 100 1 5 1 789 1 807 0 0 3 0
806 6 7 262144 7 2 14 RING 0 3 64 607 100 1 5 1 797 1 815 0 0 3 0
814 6 7 262144 7 3 14 RING 0 3 64 607 100 1 5 1 805 1 823 0 0 3 0
822 6 7 262144 7 4 14 RING 0 3 64 607 100 1 5 1 813 1 831 0 0 3 0
830 6 7 262144 7 5 14 RING 0 3 64 607 100 1 5 1 821 1 839 0 0 3 0
838 6 7 262144 7 6 14 RING 0 3 64 607 100 1 5 1 829 1 847 0 0 3 0
846 6 7 262144 7 7 14 RING 0 3 64 607 100 1 5 1 837 1 855 0 0 3 0
854 6 7 262144 7 8 14 RING 0 3 64 607 100 1 5 1 845 1 863 0 0 3 0
862 6 7 262144 7 9 14 RING 0 3 64 607 100 1 5 1 853 1 871 0 0 3 0
870 6 7 262144 7 10 14 RING 0 3 64 607 100 1 5 1 861 1 879 0 0 3 0
878 6 7 262144 7 11 14 RING 0 3 64 607 100 1 5 1 869 1 887 0 0 3 0
886 6 7 262144 7 12 14 RING 0 3 64 607 100 1 5 1 877 1 895 0 0 3 0
894 6 7 262144 7 13 14 RING 0 3 64 607 100 1 5 1 885 0 0 0 3 0
